00001
1
1
11110110001
0010
0100
1010101110010
1
01000
001011
011110111101
1101
1
1
11011111
00110001
001100011001
11010
11110110000111
000111
01010001
000011010
0010
0100
010111100
1101
001
001
10
0110100
1
100011101111001
001
0010
1000
01
11111
1100011001
001110110101
1100101001
01
010101
1
1
11000001110101
11011101010
00010101
0000100
00100110
111100110010111001
110110100
010
010111110101001
00001100000001
110001
1
0010
01
010
111100110010
110001101
01
100
01
00110001010010010001
111
100
0110100
11111101100111
1101
00100
111
10110
0101001
01
0101101110111
10
010
01
0011001011101
1
101001
0010000
10
000100
1101
1
0111
1011
10
10
10
00111011001100
11111
101011001
01100111
11011010000
01
10101
011011010100010
10
010
110000001
00001011011101
0110101111001000100
00000010011
010
10
100
01
1
01
0000100
01
1
000011010
11100000000010010001001101
11100
00011001011
101110100
1011100010
000110000000000011110111
10101110011
10011101001001
1
1
0011000010
10
01
1
1100101110100
0101010010110000111011010011011110001100001
0111
10
1
01101
010
011010101000
1
11001001100110
001000
000000110110010011
1
10
1
00101101001110
100
01
01011
0001
0000011111
1
111101
1
011001
1
00100010010
1
00100
1
0010
10
0001110110
10
10011011
1
1011100000001
011111100010
110011001
10110110
01
0001
11100000
1
1
011111
11111
10101
100
00010
1
01101
0110100
111
1
01100001
111
1011
10101001001
01
1101
101000001
1110
1010110011111100001
111
01101
11011100
001
001
110100111111101
01001100
00010
0110011001
001101
0011001001000100
1
000111101110
01100111
01011
00001
1
0101111
01
01
01
10
1
1
001000
011001110
1101000100001
00001000
0010000
111101111001011
1
10000010110010
00001
01
010
010
000011100011100010
1010001
01
1100110010110
1110
1
11010110110
110101000111
1
000001
010
0100
0001
0010
1000
01101101000010001111100
1100010
1
01001000111011
000001110
00111
1
0100
00000000000111
001110
0111
101100011000010001100000111
1101101
010010111
00100101
111
00111
10
010011
0001
1
100
1101
1
010
010
110111
010
1
1
01
10
00100
01001111010001
0100
01
1
0000100
11001111111
110111100010101
100101
010
01110101110010000100
0010100001
1
000100
1101
110100
010011
111001000010011100000001
001
1
1
01
1
1
0000000111110
1101001001
00000010010000001
110001
0001010000010
00011000001
1
1
001110
01100111
01101
0100
1
001000
110000000100
0100011
00111001001
1
1
011001
01011
0110001101
0101111
100
01101101001011001
01
0111
01101
10
01
1111110001001101010
1000011
1
001110
1
1
0010
011001
000110010
1
10
1
10
10
011111
010
01
1010000001110110
111000
11010010011001
0101001
01
000011110001
00010
00100
01111000110110010
00110001110
01101
011101000000100011
10
01
11001
10
01111001111010
11100
00100
010010011010110
0101111000
1
01011
10
010
00111
01
100
0001
1000011
001
11001
001011
001
1
011100101
1101
1
10
110001
011000110111
1
0011100
1
0110111
0100
1
001
1
1
0011001011000
11111
000011010000110
001011011
1
0001
11010011111111
1110101
11111110
11000011000001
000111
00110111
111
1
11111
01
010
0111011011
010
1
1101
01
10101
1
01000100001
1
0000111111111
00000111
010
01
10
1
0001001011110011000110111
10
100
000110000111
0001
01100000111
010
1
01110101
1
01011
1
1101
01
0100101
100
011110000001
01
0100
1
110010111111101
10011110001111011
1
1
011011110010011
01
001
11000011111
01101011
1
10
111111001
1
10
0011111000011
0100110
1
01101
1
01
0010
001
111011
01
1
1110
1001001
1011111010
011100
00111
1100011001
00111
001101100010
10
0001101010111
10
01010001
010
011111
01
10000101001001
11000010
0001
001
010111010101101100000111
01
1
1100111011
01
0000111110000
10
0101010
000101110100
01
001110
01
1
1
010011100000001
01
1
01110
1
10
01000010011001
10
0110111
1101110
1
10
01101
1100001
00011111
100010111
111
10
01000
0111
001101100000111
111
1
10
00111011
101000001111001110000
001
00101010
10000
00010
00001100000000000010
000010
10011
0110111
1
1110100110111
1
0100
1
1
0001
10
110010101
111
0001
1
00001
0100
10
10
001
0111
000001101
01
010101
0011110010
01
0010101010110010
10
01
0101100
00111
1001110110010010000001
1
01010011001
0001
0001000
11111
11001010100
111000010111
010
11001
01
00000001
01000
1
101001
10
0011001100111101
01
10011
000101010100110010
01011
001111100
01101
110010
1
00010
1
01100100
0111000
1
00000100
1
011110000000110111101110
1
111000
010
11101111
01
01100001
001
1101000110001100
01
111
1100011110011101000100
011010
1011
1
001
01000
0111
0010
11000111
10100111
10
1100111
01101
110000110111
111
1010110100110110
01010110110010
00011001
01
010000
00001101
1
010101
110000110110111
1010110110100
01001000001110
110001110011110
1101
1
01
111110111010
0000000111111111
00111101
0100
100
1101110
1111001
00110001100111100000111
1
1
0010
0001
110110111
01110
101111
1110011011
00110000000010110
00101010
10
111011
01101
100000111010
0011111100001100011000111101
0010
00011011000110110011110101011010101
01
10
00010
01
110001
1
001
010101010111
010110
11011010100000010
1
1
1
11010
001101
00001101
001
0110011110001010010
01
0001
001
1
11100011
01
0100110101010000100000
1
11000111101
00010
001
0010
01
000010
101001101010010
01011
11001011
1011
11000111
1
001000101
1
100
01
110011111
00001
00010101
10
010
001
10
100
00001
01100011100
1
010110110
1
111011
11011001
11010
1
1010001
1
0001
10101
001010001001010001101001
001
111111111111011010110
000001
1
00010
0000001011
00110001
0101111010001
01
1
1
1110
010
01
010000
1
1
1111001101
110000000111111110001
01
000110010
1
1101101
00010
10
01010100
001111100
001
001
1
0101100
0011111
0110111
01110
1
100
1000
01
001010101010
1
00110001011
10110
1
0010000
001
000100
01010111100110101
111
01
000001
01
01110000
010
101111
1
1100000111
111011
01
10011
1
1101101101011001111
0101000100
001010101111
10
01
01
01
1100101010011
010001010
1
1
001
001
0111
0101001
1100001
01
1
111
1011
1
11101111
01
00001
001
0001
1100000100100111101011010011011001
1
010
10
001100100111000000011110111100001
0111100001011
00001000011
0100
1
111
00110000000100
1
100
1
0010
000110010
1
011001
1
10000101010100110
1
01
00010
000111
1
1
1001100
1
1
010101
1
1111000010
001
00110001
0011001101
0001101100110110000101111
01011110
11000110001101
011111
00001
0111111110001
10
01
101010
001
110111
00010010000110000100
1
0011001
010
10000111111
001
001010010101000
10
10010000111011011101
110011111
01
1
11001110
011001
010
010111001
1000100000001
1101
1
00001
1010001
00000011101100
11000111
001
0001
1
10101000
010101
0000111
1000
000010
000011111110
10
101111
1
0001
010
0100010011111
1
01
1001001110001111
10010010011010001
1011
1
01111001
0111101100010101
1101
001
000111101
001110000011100000111
110100
01111111101
10
11111000
001
1101101
000010101100100
01
10100001
00101010
1
1
01
1010111
010111110101010
1011
0000011010
1
01011
0110101000010
111000
1111111
001
010
11001011
10101110
1
000000010
1
1
010000
1
000011010
110100
001001011110001
0111
0010101010001
001
1
1011
1
1
10
0101011111
100101100001
0010011
1
1
1
01
0001
10000
01101000000110110
1101
111001100101
0011001
10101
1
0101010101
1
111
11011010
01
110001
1
110001
1001101010
0111
0000110010010010
1
001
1010011000111100010
1
011110010
01110
0100000
0100
1110
001
01011
010
01
01
101001
1000110
01
