1201022101410404021
1002441
224102442
014000041142
0424402022221004201042104110124400
014412
2221001200220122422242
4424401412102
002024242010
0202212240
111220214042
0210420012124101402
2001100110101144400
00444442024220021
020220002004242042112
4212420020041142
411002
244442242022241
41001412
4204401004
242401
144104100022
422420221
0101402
4202201
041421
041012120241114121020044
01241
012221240
44024244402000244041
0420241
0120142
11044424442
41240
1121441222214012
21444414212110
41101402
240201120402114
12011104
0241
14420
12404
014041100422024420222
00022012244012
0201124
0241
042101101021
4000214
41411220
112240
01110114112
21044212204114114004004
242441444101
002224214411211
11001120004
21141240
4122011
44012442024020404442002044404421
21140242012
2244201
40244444241412224
1204
4022241
0442241011
221402
0214
2112102014111040
4112044112401
0124212
44000004440041102040
2242214444114402440414
40244101412022
400201414
212100221102121210011421200
4014104
10124441140020401440
40124210041
4102
2112201214
1000100124
0010001104210041222242
211004
1102104011411
100220212242414
042004222121014402240400
001422022004
01012002104240
104020401420
2202014410
2444140100
100202202222104
0244402010402
044110
111102224
222004210210011401011021110424
142124112000
41142240121
2001210121144
1111242121100
0114122
44241244120
2104421244421124
04024440241004
2210242
221410224
110411022
1140441114202420121142
240124141
242212001410202144021
240420122002442441
11410410020020012104
2220040021040
42444042020222041
240244242420014104
22440110
0004111442
220044100141442001141204
1112112212404044444124021
14040004102210
414204204
120001242002
21444010
44124202114240
1041041204222
10424
1401241144122204110110
400410121442442
4012441424
02221101404224
420441244
221211441442244221222110214
024021
4421241211011
124421200402
12200004
12140424
444444044222040201111
00040011142422
122214202
4020441114
42002400122
124204210
404200111140
0440200220411
1104402400
0211101244240
104024
240140042001211210
211040010141
4114241114241111142040
221440
414022442101
0100122011444440
011412
24044241
12424444241101
04222244241
0011210101100111221441
424441214121122111242041442244
2100114
4000224024020211
1001144001014200
240214141
414140444110141144114011102
041200024120210
0201124240
2401241221221022
0242421
21110140
2412420
1110011122141000
224211204144442
114020
201141
110012442
022240020404200414
01201241
404101201222124444
22212011020021144
411122414011
21421041
144201
211044020040
12240
22002224021
04424421102010212
44214420
12144211412241124100424222
2111041421
04242202011424222024421102001
21141221412144224444122444402
4241411002214
1401211
4200444141
11212421244111044242
241214244221142412211124100101
0412214414
142112010420
22204004442411114111
000012044411111
02401411
2240410
41120
001022224044004411104144
12211002201212210124
22411214404100121
12122224114002000211
0402122012
01100444140422412
1040440002222114202140
4044141
214022241242042
11240
4040111
211044440424112
10002402
01411404010210
4142401422101204
040204404111
2240401
444240114212
110124001
0144210
04101012
012202202
4142220
2044121114
0220022020024442002114011221
1424211421112042
101444120040141
4220121
24402111104
212000101200224
01422
001220040
1141222012
2120112444
12021440
2412011210101100
400011404
24424211424204
401010
201202122202220241
10140222
0211220410440
044424441
42041404442004411
421142041
400041244000000210
1012112124110041
004020412244442444402004021414
201112241220
024424420411
10242101
041021
041220100402202140224
2412124120
00111442
4044222020240241444004
41014144200011
11114242240
10200210021110244212010020211224
1101102212441442221140
110244024114214114
42014
00041411442122441201440
00424441
44224112210221122100444112
4112140
120402004200220
124221420101
22110241022021220224
2112424102
42101
220210042
424440224004142211
4120041144
1111420
444100401224201
100401412
4410011021214210
111014100242
104001040412241224010
11420
120144410414100104204410204200411220122
2210240
0241
021241021
2440442412
212022022004
04202041
21204
14144441044224
210401200
400211
14120
014000400024
12040
01200204404
0221204202
2120402
1424140
2241410
2240421240
02444022442400041222140
4211141204
04020222204141
414414242102022201
021204120
421222114422004
0241111400
420042104
1241022
1421410
1424420
00442010
44102014001
12000121224
0211021200224
4440001004120
100042
41442211011
20111122240
141202
12124412102
0121122144442
002440004411221
20424224141
140402420
2402201
121214004144204240021404
4101121421220
1101022224420
20104
1040024400
0141420
24244101000222
444114014402404044442
202041
4220100
02022412240000
0014010142
412202
2114410
040201142112140
401012212
224104
4400002004442141010
4224000241
21204
12242010421
22140
4412144100
2444200221112
41201
4402222141
420141202
0124042004
4401422144002
244421214200
4002402421
0424420240400000104
2441400214
01000141212144142
000024101
044410222010
414121142102
00011101442420
4240424240112
4041044114
4101122204
04012021404
1012124
121004240
10021112144121
1402
04441440221
001001442042412
01000204022141004414042
2141104
14241022011140002020
1000024
4002140412122
0201400
02114
04221
40241
2142440
202202401220422040241022
220224414141
0404202102402404
211021100002001140210122200110
0024220101422
10241141102122041
4222400400111
014122200
4144012
14101104420
421040404
2000122001002414
2110242002001
220440112104
40002240211
2211142422422200221202
10212442441012
04241001
00241
142400040211
0404421000
224110
22244200014102
22100212214001014
40110214102
4440042120412
412440112014111
11041040442424141141
4411202424
2442011214
040014001242424
00020244104440000001211
02241
22022144410
02144
21042020
0021422121402400
12124220
0401242214020
42102124102041
212140041424000
14212012
11120141
11420
21224020024
441240
42122401
4042224010
401401122220
012100100024
02124404
221102012410
200421242
411422222100402020410
412111014
4241114121110222
2011242101
422242221221241402
20244021
0244414200002
2042114111200041202402
22410241011102222440
10240404221214
441402
44210
142201
240041001
1421024
01111002002021114
1221104
144000042402004241
2224141211420100410214220
40441002114212010102044042210402
40424010
001120001424
4001410
442041440
0122241041120
442404424204404124211222240012424
21242401010
1402
20241221404201210140120
102211104
002104
2144124012
44102001244
2040210001101
101204
2001212000112410
040224222120
0244121001222442044
24004044224214240240
20211124412
10420142222
44112220424
44121144024
204224001
1100412220422404
20220442241
101212224000114014
42014101200110042
1210021240020
24014120
12100042022244
224110
42020021211
22114210
0210222142
4202224112241
040244041
14042
0402220121204220
4241402120102
44202224002440044042140
0412122
44240124
0202120241410
4204242221
21021000410
204240422114
2404412412244
041202204001024
4022040224240020441
1024
144201
002142112220
0120124112022
012001440
114104012222001
2421412011104
241221144000100
042102121
02424210241022
140111102204414221
140044201
224442420210
4422010241
22201044
4020421204
442001124
01414044442
411011420
4402041022110
22212214100
204111
44224210100
2114042
044212
20410
224212144144142241141402121410104
0241
1420
004101212
4424144424002002
10422410242
012241141
444200410044
00221102424
202100011144044
2244120
444400241241
2441411114440
041141
241424110021
00014240004044210
41020104
10414411444200011
01104141241141
01012004401
022014
021442
440242012144144
1011411002
1101220020141111412
22124042
240421000204011
201140114110424244
21000214
2001102242114
1201444144014021014014444442211400004
0410121420420004
4002240040401202401121
24412222211120142
44044221
04020214
4420442210022242424
1104214
44041444201204021224211
241142214044
112022102101044
01441200010
1112202022000241224401
040402202422401012
2401
21202424
014404220021241202
440104412044
4140142000444
1244041
00211142014410202
22214104004402
0022004204442424010
14012001
121210142140
4414421122204
40220422401040
44144210
121120441100210042
020022004012010
21111420222
22041442114
4022240044001
04402401
04120001
11024102
42241002
1011122114
042420012111
241140
02440224200114024001
42042201
44414441212014
220110444410241
42041
024142411
2421012041444214140
10202104
204412444424
114014021
120001402
0114041101212
222440411244
024001
240422100424100402210012
01424402
410221
1114222100
044220000422444214
22411420
224201421441104400004200421014240402
404421004002
214412000124440441440221110
1011424042214
10424
2140
24102244011424
4114121124102
422410
411004044014400422
11202212414
12104124
101042242
12042
0002004120122020
0141020004401200111
121121214412111421441424220420
2442210
0110221022022020241
14112002114140224
212222211110141
11141002004021444
2200101102221421100
242122224004440
121204144121
202012210240
1021401
24002400022214
102420142
4240404102111442001220
114411101002100
4110242110001
24104
44210021011
20144114
01142
0024214120
10122220002040414
2140
4122444214012
12214411101
42001044210
40202014
0142
201441
11440140112
1204022204442
44042000241001042410041022
200000120024102
44101422000
42021041
0024011
1211400012
41122201
2221020222244422121
002102241
244040441010441
401001412202
21040012
0424101
140244
000240004224202024100
10201200144
11012214012000
212020011010041
4402144
444210202
0404211210
1020214
20441411
1021021202104
11401414101142040400
2211420124
101000240401200
2404004111
41022042121201
122241011122
20041444
11000224
410400022
2010042401
02444424122042114
2441220
2412121420
44040102101442402124
40012012200
4210441242
40200122201121102
221212040114202
200144
2042424244102
044021
42102
21411400
400112102101014
221102044
22121111141200444
120140202
042210120
10410040141421
10212000242412042004
21242404
2122114441124211142010
12014
1142114440
12142444104
11424020114
120114124
0420120211104
0410114
020022022411121024424
1441424214204021
20124
44202402104
044114
100140042
440020401422211400
242122404402441000
1144140121401120
022221000444241044
40100200041
40002022024141
14100041112242
421211121401114
4040402212
4441100022
12102212441
12244241204
2024002414
22204004410022211
200200444201
4104412
44412214444224022141
1404242424012
2211144402414
14241244204
00220214024404
21224100
2122101220211444220242
002110420044
0001212212011402414
2244101412
01121222412
424214221204444410224404
22200244412
2024220410402
204120
142402100211
0201210141124
1440042422014
42204000100
12001224
0411220102001
14020442
22001214
02022000214
2010404142
140041240
01110014120120111200
240244114
0442222440242011
12002410
1111122444440214102004
414002
021104
4141024
100424
1220114111241040
2222140
4210
00124
01414210
0110111112244414112022
041124
412210214202
1402
0142
0241040044
01441440124110402224000001
01104444444444042
1144214100
2402442244114414
1111412402200021020404422111224401401
22142124101
402244421
412421101110
40204224221
101422
020211144
0224110
242402104
0201140
141012140110044414120
10400114102144140004200241
42400441
44114212221412214204001
241424410444
201040
414114410101000221011241
024012
02044240010014
224410
240021
00001110402414
011441004410122
4424411011411
4041401221
14200
0044420000224200104
014102141
21221114102422
44200401010204
1420142
04141010
00142224004120
22112002212014244
124200011
221011104220
44411022
12102122112211140
0212444424221
004110
44102440224
004200112
101000111204121210
1210122214
21224144000022
110422
02110124
404240044144404042
2404422201140014
04402204241441
2211121440
04112
12410
2100204
2040244010211111202402
2422021
2142142440
041112
1401411100402100201
140240
0404010012402
110401021
2440411220
22212044012001242402
0141112014001
20124
2444120
421421042021201
10244
012144
2012144240144410440
22441120
422010
2122120142
444041001220040
0241104
4121212421142041121
0210142422
211211001211424
20424200440402222041
02121021424421004114
20042420412
12201040
00010404111401012421000
1011402410021401
4442411204
00102222421141112
42040111
102244
02441
4201412401004110
221402004000401144
410200
142414122020
042021004222
20221400114
2024210114
2200440000014140041100004400
104224
204442200222414212
44021410124
1004000000002412
2012124
224200222110
0204024114
2211240401
40220022412
40021242021
22042411
400112
1011201104110
4200201002112
420041001
2211212124400142
40111
12214014022
011044402220
221142242140114
141200441244
24422244044004242124021
24011014
0221010202011002240
141041401444420124001020
1040144111440210442
01221022421002
041122
44202040011410
0444220401022
124212244402
241122120
41400420
04221
414222200141
2111124421110
14212202020441
4240010
2012400244
24111442014010012214
221104140014
12220140
112101101004
002200221024224
01022014
4201224
001221440111
440422040012041
2244201240
424420010000
010221140
104222411
44401001
024000441200421
2204204240440402010420411
020210444224042420241424
24421440
1020414
010441442422101440440202110020
10424220142
222242112422214100411112001
2002404022211110
22444111201
111441012121
00122240
200010102042041
1400104041220102
142242010
004412044012
00011012041224
21400420
114044111220010421201024
10422411000411
420140144422
2110044242004
1111024
44244114120
4401001
01001244
40200421411401241
021224202220
00022042002202244122400
41022200
41120
0041044220020102224201
402010
122420
441412421202204400111
214204002444
24122121244220210
14401424442
40021042242021
2001120020221001114110
