222002202020002


0
0
00
2002002202222
2200020002
20222022220

0200202002
0



02020222222200002020002

202220202020002020220000200
02202020
22220

2002002200222002202020020
0
0220220220002000002200000002222000222
00200022020
0222002200220220002202
220220
2220022000222022000000202220202
2200220
0220220020020202202000202
02222022000222002202
0002200200222220

202020002200202220202020200200020020
00



2222
20222
220202022022
00
220002200222222202
22022002022002

2000202202020022000
0

2000220220220202000222
0

00
20000000220000202220220200222220222200000200

0
0
0
00220022

0
220202
220200000200



0
200020020022200002200020020200002202020200
200220020220222200220
22222000200000200000000000022200202

0202020002
00022002202002022220020000020
2200220
02002202202002020202222022000022200200002202022200200000220
22022
0

020200202222020202220
0

20020002022222022022
2000002202200200022202002220220202002220

00

0
222220000220000022222


202202
22022

0
0
202002200
0
0
20222
2000222
0
2002020220220200022022
2022022000000020020222000022
020022002
0022222020200002
02222000


20020202
02222

02020220
00

0


22202


202022
2222

02000020220
2222
00202200002




202022200000222220220202000202220000022022202202222020202
0222002
020222220220202002202222

0
00
222002200200022020002200200200022002
200222202220
02000202222022
0020222


02202002
0


0
2222
22002200
022002200
0202202200002200002000
0000000
202002202002202


20022022200020000002
22002020202000022000022200020
2220002
0

02002000222202222022
020202202202220202000222020000002
000


00
00
20002220000
222022020022200022222020220002022
0
00200022202200000022220002222200200

00020000002022202220
22022
02222022220020002000000202

202202
2200202220002022020220
02222
00
220202
2002020200
020222
2202020
22022

0
0
0


00
00
0220200200222202000200220
0

200000200222002222222
220222000022200
2222220022
220222020202200002002002020000222

02202022022220200002202222222000000200220000000020002


0
2222
0
20000002222200220202000200000002002000000222200020000222000002222002000000220



00220002200022002002
2200022

222022200000002000020002200022000200222
20022002
022022222000220220202222

00
0
202002002220002002


22002002
2020222220220002202220022
0000022022
0
2222

0

22200220022000220020022
0


00

0
0
22022
20002022200000022202200202000

202200002200200200002
222000022220002
20022000200

02200002002200202002200020200022022022220000000200022022



02002220

0222002220022

22022
2202002002002202022222222222020



0022220
220200222002220020002220020020002
020020002222000202
00222020

020222
00
02000220220002202220222022200
220222222
022202
20222
0


22002222020022222

000
2020000220



02200202
0022020020022222222
02222
22222222
0

2000022000002
0
002200022

220202


02222



0
0

2020220222020
0

20200222200220
222022000020220020202202222
20000222

00
00
00
200002000020220022000220202020

00
20020000022

2002002220000222
22220
00220202
2202002
222002

2202022022200
220200000002




22022

20020020222202

002202200222202222
220222222200222220020002

2000020202
22002020
2020222222200222
00
02222220022220022022220
22202
0
2200022
2022222202
2202022222000200202022022020
002202220222
2200022000
00
222002202200020
00
0
0020222
222200
0
0200020022


2202002
202000020220022220000200000220222020222020202002220000202002
0
0200222022202
2000222220000220

200022200220022
000

22002200

0




22020220000000200220


22022
00


000020022002

0
0
2020202202022


00

2002022
0



0022222202020202022
22022
022022

2200022222000002220220
0
00

220222202020

202222002022000

0

022000202
0000

0000

0202000000000000022
20002022002200220
2222

220000220
2222
02000222
0
22220

20022002
2020000202

0000
0
00
2002000020022220000022020022220202
0

2200022

200022002020200022
22202
0202220


22202002200200020020000002022

0200200022200220002000
20222
02002222222

22220020222

20220002
02200000002002000


202002020
2020002220202002

0
0002200002220222
0220022
0
02220022202002022020220020022200200200220020220
22202
0
20000222



20220000000220222202220


222200


0

2222
22002002200002000220202220220222222
22222202220020200022220000200
22002002022022000
020200022

0220020000222022200202200

200222
220020220000220222022


020200220220020222020220220020
20022002
0


00000
0
0

202022

0202022020020022002222020200220
00


002000002022
0200022200220202020202002
222020220022
200000022222022200022220200202

00

202220
0222002

0
2000220022220000022222


20222


0

2020022

0022002020222222202
022200220000000022020
20220020
00
0222222022220202000220022


02222200002200022000202002
202000002002200020022
002200222022020202002200

0
00
022200002
0
022202020222

220020200
0202202020000002202
2222020202002202000002002

0

2200022
20002000022

200002000202
02202222202
0
0022220
020000220020
2220000222002000020

00
2022002
2000222220002002020020002002
2200222202002
020002022

0
000020222

00
22022


2202000002

0000202220
2202002
222200
02002202200022200
220202
0220022222222222022002

202220
200000222
02020202
0


222000200202002020200200022
222222022200220202220000002



00
0
2000002202
202000022020220202000200220


02200020002
000000
0
222022002202
22000000022202222000200200002200200202202002000020

0


020222

22022200000200022200202200



220200220222

202202
22022000
00



0202220202200022000200202022022
20202000002


0
00
00020202000202022222202

0

0


0


2220000020

02202220200000022


22022
22020222020220220220222000220220220000202

22200202202020



220022
200222

002220200020222

200022002

2220020200202000002
00


02202002
2022202222
0

00002000220002

200000202000222002222200022020002220020022



2002202
200000002022

220000022002200000222200000202002200220
0
022200220000000222


202022

200000200022
22022

0
202022020222220002002
02200022

0

2222


2002220
0
2202220202022200000200002
02220002
202000220

2002202200220220000200202
0
022020022000200002002

02202000002
0022222220002
00
220200020


0

20222

0
00020000220000200
0
02200020020

0000220222200220
2220020202200020
22020000222022022202
02002222200202
020020202

20020022

00222002
00002000000022220222

000222220002200000022202200
22000202
20220002



0202220

0020200000202
0000

002202000022222220020200220202
0000
2200022002002222222

0
000200202200220202002002022002000202222022
2022002
020200200002020202002
20220002220020002222200022200000222022

00
0022022
202220

2222000
202020022020000020002200200202
0020000220020202220
0
0222000222002022220020202022022200000220200220
02200200202000022202200022220220
20200200220020222
20002022
0
00200002222020022000
22000020020
220220

2222202222000200202
2020202020002000220
0022022

00


02020202
000202200002

222002
0
0
0

220002020000


202022000222020
02022222202200002200220020202
2222
002020002222202

2022020
0


2000222

2000202002222020


2220000220020020020
2200202020022000222000022


220200020

202200200000
220002222000200202200202
2202020200222000222202002000202002200000002222022


2200020022020220222000002
22000000022
222020
0
00000
00222220200220
022220
2020202
0220222202020

02202022002002002
20022220200000020000002220202
0
0

02222200000222
0
00

20220222220202020000022000222
0
0


2220020202200000220022002
2202022022020

22020200200002000202000

22020002
22002000222200222020022020202


200002202000020200202
22000020002

200022202002222200200002

2022000020

0
0
020200200022000222
220200020222020222002200000220020
202022
0

2222


20020202202202
22202


02200222202020202202

202220
02020222000220020200020222200020222022
2002020002


2222020222
022002200
00
020000200020022202000222202
00202022000
22022022202200022220020202
022220
002222
00

220220
0



222000002
22202022022

2020220




0
22220200020020022222
020222
0020000220022200002000222220202002220002220200220220022222220

2000222

0
222022202222000220
0

22022
2022002200220222220
220022
200220222202020200202
20220000000222002202222202002222022000
00000

0
0
220000002200020222
00
0

0022020202002220
0
0


0
2200202


220200002220002200
2220002202200000002
2222020222
00

0
0


202022222020
20220002

20200202
2220220022002220000022200222000222002


0


002220020
02002202
2020222200202
0000
00
0
202020220022020
20022000020
2002002022220020

022202

0

020000000022020
0200202000002
22022
000
0
2020002002


2020200000002
2222220220
0
2222
002000000002022


0200222222200

020000022220002222200000020022202022220220200202202020200200022222022200022220002002020
0222200
00002220020000
00

2020000000020202222

022200020
2002220020022000022022002002200202

220000202
20222022002222002020
20222
000

2020022
02222

0
2200020002
00
202222002000202222222202

0200002202


202220
0


200220222000202
