9989
99898899
88999899898988
9898999898998898
9898989988
98998888
89
9898998998998988
88999989
98
98988888998888989988
98
88998988899988888988
8888889889989989998988
89
9989
88889888
99989888988988999888899988988989889898
9888989988899889888889998899889999989898
888998888888888898
8898
9989
98
8889
988998
99989898
9998999888898999889998898899899898898989898998
9898899988
88889989999888989888998999
9989
8998988989999899889998
98
988988898999998898899898888998998898888998
8899889989898899999989
89
898998888998888899899998989989
99899889
989898899889999988999898889999998889998998
98
99889899
98898998888888989999999888998998899889
99999998
89
8889
9999998889
98
98
89
989999
8889
999888
98
99899898
9989899999998898
8889
99989999
99889988889989
9989
9998
8889
9888
98989888
8999988889
9899899889989999899899
88988899899989999898
99889998
8899889988998898
899898
899889889888998898988999989998
89988999
89899888989998
999989
89
89
89
9999999889988889988999898989888988889988889888
889988989898
9998
898888
998899899998898888989989
89898989888899988989988898
9998
89
89
998898989989899898999988989988989988989888989898888899
89898988
8889
88999989898998998988898888999898988888898988899898889999998888889999888999
9889889888889888889889889998
8999
9899899889999888
9888
8898
89989989
898898999898988989
999888999989889888
98
89
98989998899998
89
9989989999898998
988998
88988889989999898889
898988999888889889
8889999999
9989999888999889999989
89898999898999899888
98898898988889
98
8898888899
998988
89899999898898888988999888888898
89
988989
9888988888899999888989898889
88888899898898889998888988889998
88898988899888889998
9889898899988999
8998998988
99889998
998888888988
898998889899998998999898899889
8988
98898889989989888998
88889889889889899889
89
8999
89989998
89
999888
8899899998999988999989
8898899999989988898889
888998898899
98
8988
98899989
898889898988888899989988
89899999898898899889
8988888899
888899998889
888988
8989889888889998998898
889988899988
9899
8999889888889988998988
9889889998
89999889999899899989989989889998
899899898989899998899998899999989989889998899988988899988988988899998898889999
88988989998898999989
988989988899899888998999
99889998899989989999898989
88999888
89988988
898899
998888899898888998
8899998898
988888
8899999999999889999899
99999989
98988998888899888999
88998999
98
89
999998
9889888999899899
898998
9888
9999889998998888
8889
99888898998899
8888889998
99889888
988899889898
8889988898
9888
98
98
888998888999
8889
89988888999899899889998999
998988999988
98
99898998899998999998888889
89
8988
98
88898898989989998899898989899899
9899999899988899889889
8898
8888899999
89989899
98989989999889
98899899999988899988998999
989998999989
88998889
999989
89
98989999989889
9899999899889998898899989998899889
889899888989988898
9988889889998999
98
8988
88988999899999
89
98888889899889
98
8889889889
8899898889898989989988888999
89
988888998899
89
88889998988889
998988
999888
88998989989988
999989
98
9888888988888889
89
99899989999998
988998999889
9998
889888
98989989
98
899898
9888
9988899999
98889898
9989
99889989
8999
88998998888898
8999
9888
8898
99988898888899989898
9888
889988989898
998888888989888898
88888888888989888898
9888889998989988
998888998999
98898889
998889
98
998899889998
88889888
8889
8988
98
98
88989999
8888899898899898988888
99888988
98
8988
989898
898899
89
89899989
8999
988998
98
898898888889
998988
899889
8889
8889888998999989889998
9999999989989998
98
9888
989998888889
898989
8989889888
8898
89988999989989
9888
8888998899988998
99889989
88999898898998
8998898889888988988998898998
8988888988888989998898
9898888898
99998999899899
9989
99899989989889
89988889
889998998998
8989999989
99988988899998899988
889998999898
999989
8898898988899998998898888999
99888999
9989988999
8998988888
8998999899
89889998999998998989898998998899888899889989
89899998
889989
99898989
99888898899888
99888998998988
898898888898899998889989889888
988989
89
9998
9998
9988888888999998899888899989
89898988
98
9998
999988998899888998899998888899999998989998
89
98
989999
89998898999999898899899988988888988899898898998898
99999999998998989898889998998889999998888998889888
98
88998898
8889989888898899889888
998899898989
89
99888898
89
989889
988899898889898999
898999998899898888
888988
99999998
8988
9898888898898889
89988999988898988988
9888898889
9888
8988
98
98
99898989888888
9889889998
8898
8898
8898
8899889988989888999998889889889898
89888999889989
9899
99888999
99889888989998
888898
98
9998
888889
88898989
98
89898899999998
88889989988899988899998999998899999989
99899889
9989899898888899998889
989898
8989888989989889998988988899
9999998999989989899988888899998889898888889989
889898898
898998
998889
89
999888988898
89
898989
98998899
899898998888988999999998889899
8889988988
89989899
888988
98
999889998898
99888889
889998
989988
889998
88989999
89998898998988898898
89898989898998
8998889899
98998998989888888888
8899998988898988998989
999989
888889
89
89998888
8989999989
9888
88889998
99899999
988898989889989989899989
89
8988
889888
8988
998999
9998
889899
98989998
9899
8988898989999898998898
9998
998889
9888
89
89
9998889889
98
9998899989
88889888
98
89
9988888989888999989999988889899889
9889889998
99889989
888888889899
9998888899899988888989989888988888
8899898888
98
99888888898989
988899
8988988998898899
99889898988998998989889988
8899888989888999
9998988999899899899989
98
8998888988989888
9898998898989989
8889989988998998888988888889999888
9898899888988988989898988899899999999888999998
89889988
89
998999
888989888889988889899988899889
8988
9889998999
8899889998
9898998889889989888899989988
98
8998899999
89
999988989898
98
9899898988
9899
9989988888889998
9998
8889
9988889988888899989988
99888999
88998889
9998989998
898989
888898989889888889898888999998988989989999
988889989888999998999999
98
988889889899899989
998988
8999898889
9989
9989999889
8999989888
998898
8898989988899998989898
9999999988888999
998988
89999999989998
999998899899
988998889888989898
8988
89
98988889
889898999989
89
989898988989999889898989
88998888899898
9989889889989988888989999888
989899989898898899889899
989898899988888888999989
898889999888
98
9989989998
898998
998888989999
8898989998989888
99998898
999998
9898988888888899988889
88998899988998
998889
988888
9989899989998888
9989
9899899888
99889888888898999989889988
999998
9988998988899998989998
98
89
988999989888999988889888888988999998898989889988899998889989
8999988988
9899
898998889988
99998889
8989988989
9989
998889
9889999989
89
8898
9999888888898998
9998998889889889899889988888989998888889889988
89898889888989
9899
8999
999999998999
9888989989
989898889898
888998988998888998
9888889988
888999
98988988
89
9998988899998889
9899
899999898989888889988899999989
98898898989988888998899889
89898998998988
99899988988889
8898
8889
89
9898998998989899998898
89
89989888899898888988898888899898
999898899889
9888899999889999988988889989
99888898
98
898899889888998889
9989
98
898889898999889988888988998998
899898
898989
98999999989989
999889998898
9989998998
9989
8889
98
8889
999888
989988
889889998889898989998889898889
9989
998899988998
9998
89
8998889888
889998
888999
89
8898
898888
99899999
8998889999889898999999998899999988998999
8988
99899888889989
898998899998889988
89
9899998988898898899999
888999
9998888998898998889898999998989899999889998888998998899999999999888989889899
899999
99888988
89
99899998998899889989999989998899989899899988
99899898
888998888888999899
898998
9899
9989888989899988889989
888889
988989
988989
9998
89
9998899998888999989988989998998988889998
89
8889898889989988888889
99999989
9988889888
88898998
9888
88998889
8889989898999899989988999888989998
999889899889
8988
8989998899889889988898988989
898998899998
99889898998899898998
99888899888898999999
889999898989
999888
88888889989999888999889889
89
999888
89989888
8898
99898988888889
8989899999
888999
89988888888999
89
888899999999889898888899989889
99989888899899989898
98
989889
998999
998998899999
9988889998
88988989888899899888898998898998
89
88899888888898
988998
99998889889889
988888
988899989988998998898998999888988988999899889999
8989998899988989
88988998899998
889988899889
98
989989889888989999999989
8998888998999998899998
9998899889989898988898
998889
8999988898
988999889888989998
98
9998
8899899899988998
89
98
89989989
998898999898988988999988
898998
888988
88999988988999989898
9899
888889
8999899888899988989998989888898889889888
999998
98888998
98
9998898899998888889898888888988899
9899
8899888889
9898899898898889
98889889899989989988899899889998
988989
9899
999988889899
898989
89898999
8999
889998
888899999899988899988989988889
9889989989898998
9998
99998988889988
98998989
888998888888889999999899999889
9899
98
8889
9989
98899998
8899888989888889
99888899988889898988889888
889989888888999888889899
8988
88999988988898888889
89
8989898888889899888999
8989889999999998
888999899988998898
89
998999
89
89
98
8889898988
9998988898
88898989
88888888998998899899988999899899899899999989898889889999
98
888988
99888899988999989989988988999998
98
89889888889998
88898898889898888889
8889
89
999899
8899998889898888898998
89998989
89898888888889
88888899889998889898989888
989899999888989888
98898889
9888
98
89
999989988888888898889889
88889998
98
898899
999989
8998999899
989888998988
99998898
9999898888
899999
98989888899988999888898898
9888
89998989
999889989988
8988999888998999988899989989989898
99999998
9989989988998889989889998889
888899888889
9989
8889988988
89
89
89
998998999888
98
99888889989889889998888899
9899
99999888898898
998989889888
99888898989998
889888
898898999998
888999
8898
898999999899989998988989999988998899989889
889898998889898898899999988998
89
8989998889
89
889888
9889899998899889
888898
9898989898
89998998
88999999989899998898898899999989
999889899899998899998988988899889998888888
98889898
889989
998888888889
9998
9888
8999898999988989989898989988898899889989998988999898899898899988
8889
99898988989898
89
899999999898
88898998988898
898898888889
98988889998898888888999989
9888
9998899898989998998989889888988898
99999888
9998988898898898899899
88888898
89
9888888889999888
89988888899998999989
988999989989998898
8998898888999999989889999998
89999989989988898888889989
988989989989
898888988889
9888
98
99888998999998
88899988889999
888898998988989889889888999898989988
889989
9988989888888889998988889898999998889999899989
99899898988989899988989998
9899
889898889888
9889888988999989888989889999889888
888898
9898888888898988988899
98
9899
8989898988999888998998
998998999888998888
99889889899888898899899988999998
988899889989888988
98
899988988988889898
89
98998999888888899889
98
8898999989989888998999
9899899989898998999899898898999888899888898888
99998999
89
999989
98
8898
9989
8888898889999999998988899989898988888998
9998
899899999989
988888888899
89
88999888
8988889999899899889899989989899988
8898889898
9889998988
98
8899999988898988899988899888
9998998989988898
98
89989989
9899
9988888898
8999
99889888
999999999888
8989889988899898899899989889889898999999999898988899988899998898
98988988
889989
989999
9888989898889998
88888999
9998899989989998
9998999889
8989898988998899889998
888889
88998989998888898988999998
9998
9888
89
98
888998898998899989988899889999989898
99888889
899988
988888
9888
98998889998999
98
8898
889889988999988889898998
8888889998
9998
888988
8898888999988888
998898
8998898989988989899899998899889998
889899889898
89
989999
98898988
989988989988889899
888898898989889998
998989999998998889888899889899
8999998998
9998888888
998998998988888999988989
9998
989999899999888898
8999
899889
998989888999
89
889998
89
8999899999999899899999889989
98
989889998888
899898
8898
889988989898
98
8898
98998998
89
888889
998899888999
98
9899
88999899888998888988999998998989998999889899889898
9899
98
9899
899999
99889898889989
888889
88899988899998
89889988989888999999
8898899888
89
9999989898889999
98
998898989998998998999888989988
8898
989898
98
9899
9988898988999888
989989889989888899
9899
8898
889999889889989989888889898889899989
88889998
899888989988888888998898898988898989
999899
898988889998889888998889
9988988899
89888898888888889988989898
8988
88899898989899
899889
898999998888888998898899
9998
988888
998988999988
9899
89
8889
88889898889998
89
8899889989898998989989899899889988998888998999
8899888989889889889899
989898898898898889
899889998998898889
99999988898988888988
8898899989
98899998
899889999998988999999988988888
98
9888
9989
988998
999888999898989899
98
899999
899989889998
88999899988989889898899898
99888888899999
998988999889
8988
9999898998
8899988989888998
99999988989889
999988899898
9899898888999899
988989
898898888889
8988998988889989888989
8898
9989
88899898
8998989899889988989999998898998888898899898988889999
99998988
8889
8899988888
989898
98888989988989989888888898989898988898988898988989998888889999898999898889
9998
98
9989
999989
9898889988888898898988
99988899
99989988989898888998889889999998889999
9989
99888898
89
9888
989888988989
98998989888989899988988999889998
9989
888899898899899989988888999989
9998988889889899998999989999888888988999999998
89988988
9888
