02002222
10001011011011020220
2210022200222000010101211220102112100210110022200221210221200222001110120000010212121200120100022200012211211201220220
02
2002211120112001022110
111011200002202201
01122210000220000220111120120201222000212121021001
211102112022102111210210222010221222021220022112101112111222112022000020200210210202021210201012110220121101102022
1100002212221022
0120121202102212012120022211022001012012100010202101222220021212002110
22101000211111201000011210221100001011
221022102220
211000022202002212101022200212
1221111111101200000002212120202012011020020201
200210110020110222110202021222021200112100
0221000202112010102222112121102112020101001002221120002220221011
1120
2011220122011201100001201010
022021100011201121202110121120121111002201121200020100020212200102112121112201111102
02
101210212121202022001001221122200121110011010021
0110101121
0221021022102220000020202212
2122201212212112110110
12210121021102
0202001120022100201001110001110020001202002112120111211210120120111110112000101222220022002212
12020101202220212112
002111010000
2222221120
2220121211211200
100210
012221
0012011222210102102120110210
011102002012
1122011121200001112002220101012220110101000211211121022202111011010012112001012201011100110212201220200201
211111202011202011001221022001102011110201002021202221102011202012
0120212110
2202
10122012102210102102212000
210221201200011202202001
010201010020000021
212101120212211002200210102202122020
10102111001121020101
2112000102001010111101122202000012222220220022122211122001012200001002002110201121021002011112201222111002120021201202
2112010211001222221210102101122021201112
012022210102020010100011012222011211
1012021110012011102020200222200202101011001021121111020101
120121202102
22200102120210200000020212011121
112211000222021112101122
21121120102102
21120110221010220202010000221112
1002022221
212200100022221012201101100211002121002000
2012222011201010202202120100122101
02
2122000020102220
0020
010110001101112210221200020212022211000022002201111212110110011222110112012200112221100100120010
01211201012220002211012001012200222212211221100012100112200001010222122002001221
2222011102110222220022201001011212111010102022000012012222022212021020010101112101101010100101221200020022221000001210210221011122111020012001112220
0102120100000122010020201211221201112210022210121202102100
122202122212202122000011001110011022201210110220221120222100110020012020112222210102101021212012
2121210211121022111211110211011221110111120201
100211121212212101220111121220
20
1210
211020201212000112020202
11210220200011101011021100202010020020102200001212112221200101021010100022021001212101
01001211
20
002111021021201101110222
021212122001110122000012200001020120
02200012201221221000211120100021110111
2101
0101222201000002200122210220112000022001201202211210210220200111
2220200221020110012111211212002000122111000121
2100102200100122220201121221211220201111011002101022211221202201111112210112
000011102120011211020020
111112112210
2111200021012210112021001021201221002012
010012
2122012002120201
2020211201011121000101022011212222211002220221122200
01202120
01200021111210210120
02
120001
2101000012020010210102
2121100002120002
1210211100022100011212101112111221110100
121122022202001222222012220122101020201121010202010001120202022122121200000222
0000000010010020
2122110011001222112100020012
20120011101222121122211012102012210111212212221200011011102221
22212110100011120212200210100110001111000202
212111010022111021000000212022111022112020102000221210210111221000100201222200101001112202201010221222110201201101101010101202121112211220
2100120222200002002020212221102011000210
102220111111120110220110222101
11202211200011220000112022211210202100102201
10101120
222000
221112011212011002110010102211220222121000220102010211212111100212010112102002
1220121012120021211200022112
011121112201211102011202221101202022212111001010001121120221
2120111112
1020101012010010201002002212
212111021020201120212102100112221020222101022201
2220110122002100212212120221102222121010101011212121101220122221111000
1221012212
2202210022010002
111012200002
2022
00100222100102202222211210211212012022
0020
2011211100122101222021011210
0012220000021200
0122210212022120201112012110200110120022121020202222111200021210102011200221200120222220211110112100211201112201101210010020010011011012011110
00121022
111021
01021102122020
0100221121
012202122221210211021100201210011202211111101201101002
02021211011221
00201201020221221221110011211220100112
2112112010002000002202021222002212000120
0220200200120222011012
02
20122021200100222110002011102201200210122211102210100112
1200101202002202022210
0021200002121111212210
11001212011110220011210212111100100001
10202220222001
0100020100120021222021221000
000020221212
1101101122201122102201102102101001122110
22010221220220122122011211
02
1011120211222102012000
02202000
20
22211202220210202100010121020210
220011022101221022220120101100200220122022201120222112111222212110210012
121010010211210200011011101221112202121222
00222000210000200001112000000200021021202022012201
01220100210102101020002002
000101102220001122000221110100002120
201122
21022201022000020022210210
0221002220212111110212
0211
001022201101
1011111022010120110222212020020222120121
120121210212020002222101212100022002222220021100101212
0102021222
2212201112202122021020202202220111110121100101100210
2022012101222221112010121021221221112002012212
00022000002121112122211021100010000002222220
0201001121122202010102112220101212202200
202122011220201201121220112110200021002110210210120201210110212211022002010021
22102211201200111201220120002111
20
10222110121001210012121121102002021221202020101120111012222101120222202001
002101100212002010022121122222201210111020221112212002220012211012210202110001020201012001012001201001201022022022121121020201
0112020221122100212000211110212020211222221000202010011220202102020000000002111221022110
1102
10022201201221121002120111200002
00201211021122220200212021002012
0110001201120200201011202210211211020022001112100211020220122101
220111211200110122010011212221001010112221121100010221012201211200012012121010222121
0101011012220012211100121202010112211111202210211120201001020121102211102012100110211021201021121100210202201012111210211100102112120010
020202202001220111012121002111121212121001002012021222210212010221
1012112101101021111221201001120220001021101012221202
01101210221212022021111121
002120122110221102
21121021
000110022101100021101222212011111110221112122112210220120120022200121011022122
121120012110
111100021120200122120211
001011020102011002212211120121111122221000200021221002220010
1212012000101001011110
12112002122002001201121222201021211121
002122000002120011
12210020
20022202211002
020110
21121121122110
22101121121021210020222120022201120111211102021210211021
10002011210020
2121202100121202120010202200021020
01101120
200120221120100212011111
011222
101001210221122221102110211012121011111020011112
1202201112102202121011022212022211
21021201110012100201020011122201
2101210121002112012122221212200020122001212221212012000120002111100222201101200001100210
02112122112222201202202120100020
10110122211112122111021200021022
02210020102202111220020212201210
001100110201101000021000020110012001200011112020
22202011101002
00021021200221210101221002120102101111222021202200012110211102012120212022221221011102112020120201102120212110112120111100001022112211211211001012110110
1211101100212020202210011000211012020021210211100010010110021202111222021002022002102202
212211022200002020001202212120
1002220100
002201022201011002010211011122
001202220212001100022101210200100220010001112022120211002202100220102022021121
1120121100201011121221000001010012
112120001101111221110101000002
1121111212212202122022212210012021211010
2111122222010011200101020102
12020020012110021022110200010211211222121102221020211110
2212001122211001111201
2011
11002221022010
2212221200002020000000111000202002220212
102100202200220112
1121112200122201002201122200220100
120002100220102121221011120011112101100001210111112100211000012121002002022202100201210122022120122010012221000120222002210012100022220100101220101110202000002021102212
01021221110002121221021221202001220120112100220101202220222111212001001011211200120101101101021002001021210012220002220012101100020021
221221012202102212022122010101010020020021221222112202
012010200010201000021012
220202010100122000212120211111000120220101100111121122011102200221022011102102111120211200202102100121111111
200212020211020101222011012021212110
222222202010221222
1221200000102120
102210121022210022022021
1200100121102221020010021122022200212212011200200111001201
02122212
202211
0021102012211022210222212001011112100201212211201012012102220221201212121220221010
000020
1010001010102111
02
101211
000222
1100212012
21220021010200101222200201200202
2112000220202000010222220001
02012000121010212100
010021
2012120112202101221120
00221200201000121012121102002210022110202102
11021101020200000001002100000201
022010210122011101211222121010111001001100020220
00200001022122011110
21002010101120212010020020011201001021
002211122202112021111021
021002112000100121102222020100212102100222011121110201
222122021101102010211002121200202111020000022201
0110110121211201222122222011
1021
11212201
102111102011010100010100200012012221012011122021220202021101122212211112000220000221221011121200202101112202
02002102020101012202001200020201221222211201
11120111
2010200010001220210022
1102
0022221211010110121010112002011011221110211211122121221210110120
0110111022200202211012221111
01121010
12022210011010221210010112010001210210111121212200202000121220210022022201011210012000
020212112221000100101201
1200021020002212112002111222021202110220022112121210
01101010222021001100200111
21200000222201211202002002
110222
1020121101102221212100010111210000112120010020
10100102001111010111021012200012
2200212120
22202101111000111220212002011200102202011001222102200120102021110120112102010122200102022020201211102011010222210001001011201222021011
02
2202
02120020020100120110221001112212222111112021
001120
21112110112011021220220212210211120101212002201012100210
20
2110
10120101102100122211002010101202200112201202002000020121110021
22012001
01012220
2211200110
00100002020021
2222210022112112002011000201022012122002
22000010221211222222
000112122221
01220001121210221101200201010201100200211111000110001200212022100222200011101200012001102200210211112210102221112212122212210200102111222212122012
122012
2110102200122121120220101211111020212111
2121200101
02211101111201100122200012020121101220220200210100112020200201
10121020010222121100010212102220100001
001221111012021202101021
022020
12201121
002121000110002010022020011202220101202222220001101022211102122122220201120122
1101010121
02201100020102012100011212
02
1020102012020021
02122212
201121200221
201022022100111212
11122020020112022100122001
2221121110122011110011002012122101021122
02
22222211000210220201120000112020100222122202220120212122212212
000201122111210100011102211202212020122211111111122110020222022210221011001202100212121111201220122110100220020222
10022021
100002110010002100212010012112012220020100221012
1100221121222212100000211200202220202122200201222211000012
120020211010
0020
1201021101210222221021
012021020121111022022010212010221210100020202021
220222022100122120101000012100211022110100012212
00010122002011
01002002020122
20
212120110010021101000000022111012022222120002010202221002222001112201002001001000202021222
22110022001221020201220100122200000212021102
2111121201
10111210100202
200010211202020100210011222221
21021110001022011111202012121122110112
0200
12001221200222000210101122111112002001010110002021200221
221112221110212220200210
1202222021010010101010100220102211020212222022022112
002022
011201002002011221
00211101
120000121022102102121010221200201022010222021112202222122211110111120111210000010111202012122222221020221210222220
12022201000122001111222220221212010120000111020212220112221201021102001201021220201210022122001202220200112211221110010002001010
1221200011002121
2112202012100211222121102201122022202221020112110200
12222211110022200100021211221220021221001110120200
10022012
1020102212002211020211021012221000110202101211212110210211
2101102221220222010221100010210021012021
11021122000102110221110011101002002110211101
022011100100210102122021100122
00221202112222112012100021
0020
202120220201021000210210221101200102222020212211121111221210022221121011
20
02020011100012201100021111
2001002212110200
12101001121110201111
02
010022001010202111212211022022111200002200121112011100000100002020001202102220122221
021020222221222111212012120220102002201220
00012012212212120021100010100000200002021001210222002102002212111000220121100202
22002000
1001022010222111
0112
1111101002
00202110121200210001210001122221221201
11200010012122122112201120211011121020021010121001001020210001222222211001210021210110101000222111110001221112110212022122200001122020000000001022001122001012010220020200000212
10121100122210000201001202
202111010111212102210202202012021201211200002112001222222021111211
1222220001210002102200102021110101
221201110220211001202021002200200020122221
21200222201112
010002000102201120121010221110
00101022020022212020000220000112222122012222011110020020022002211000100112001012221100112202
1201220022
21210020
011201112111110000102002220012
2022100222010121
0210020212202201020201
01010102001102220001001010001110110112200100120100001001
220100010111001201000110110212
1202200121000100212021021102
02202120012220102011011210
101110111021
110101002000022102112201121211221211001221211120101211100211210001000201111122
01111012201101222122120022101112
20
12001110
020112202020
11001021021100200212001010101112102012002010022110
00120222120101020201020012022111110221
02
02
1100221120
221012020122020200102210010121
10210010001220102010120212021222010110222120010221200021
0102002201011100210001101101101112101012201211010120211102
0101100100001002102120111120101222201000221021
0110202022221111200022
222221012220101202200022122022001022
0112
21201000101211202110
212211021201010011
0220112112210002220211202201122221002002122011101101010110110002120210
20
1111212210
0122120101210220201000221202121201022210011102
0221012110212002101021
20120121120002
2010122120022021012202012020020101120112001201222122220121102222112111210101022201
2122200120021200221120111012001201112100
1200100000212222002211221221111200
102111122101100022101222001200200212211202121120110020001202000221012021021000
11002001022212
212210220022001200020221
00122021000222211221112121221022
1102021221010112201002
0202120122
101110201000122211220212200122
220211
000112
2120021122010120010022220022212110201020121100222221011120010202011102001021021222102221001010110202011102211010010120
211202210201
02
1221121202
100012
121212222210
2220
0201021101202101010102110012021201112202000111
21211020022111
020122021111122112
01211021000202111212011121210212220020
21210222
221020112100000201211022200122
20110010222021
002112210000002201211021122012002200111001102212111201020001212111122212211020
2011
10012122210001000112212211212012
10122202200211201210210222100210000202100220
01201110021120112021111121122222201121110112220112
22200012110001122010012122
221220012021121012210002120221200011112210200200200022220002210221
1022110120111222101202021001012111011120
20
012012221100211102020201220121
1221201021111012
102010
0111222212
0011112102011022121222121001012101021020011212122100221200022122020110102000210121011021210222100200
21100222101021022221022112022100101222202000120222
10010021122221200021012022110102121212200202001201022011001001220000120001000002022020222021120210021101011022201110
222202
021011100002211112210222220210010211202200221011
20
0221220020210211
2122111222012221
2220
221102
02221021011200
1020212210122210000011111020201212
020202
22110111101120
210210110120021200120220002111
22011222000220200010101110210011
111000222
022201002220202201
01020112000011211222200201212021
1212020011
211010002001021020211220021000211201111211
02210220121012112110101110
11100210
12001012221000001220220111202100021020210012101120121201120021
001210
202211
102002220212121011202011121112220002122102220020200012202222210121
02
01000111202100122222100020021201020021010211200100222100002102210110000001212021010010020221000011221221012111220111200102021211010101000021220121022012011012211020120210
02020120112120000201101211021100021200102111
220122022212201221
2110
2202
121011
112101112020
22202202102021000201201111120220
1102
200212110010100001
111122220021221201102021210220
10012201121220000212
212110220100222220
21221211101100012110122021120202012221221112
10100000020111222100002100221202
111210
10120102212201020102
2022
021011122001110020000120
202121
01120102201220
1010101102110002002221010120110001120212000212
02
11020201112000110112212000001112120112221210211102011122000220012212111000000020000122102002012102222201012111
212200221212200101222212
2222200211120010222211002001021112212102
2211010101102122221121112001222112002221100101011200201102210012002201
2021111220022100101000100210201212212002121212122110220202212120220212120001120020102022120002
2011200111111010100121
111101212200
10201212020201
11111221022222210112121111210201000200000222221001102212211111212222
2122022000222101102211210221
1201
22002212222201202101000110
010020121022120012211010201011101202122122001211102110222122022200001012102012
1011101201
0011010111021100
00012200201100120022100202122121010212
210102111000101100020010010210200202001210001121
2112220002
012202002112221002111000001110220212112200200212
010010111211000220102201122110100221
2022
2100010110
12122120200010
0022001211100112011021020220100200022222210022101201212201
2101
121210021110222101101210210111022212020111202111121022001010110111112200101202001120020012
1010002000021021212122
22121212201011200121210002010010222212
2220012222201210101021000111102101
0112
1022022011011010111021121001122112212221110022
0100022201121112011102221121
2220
1201002121121211102221210001
100111222121111112111220
000112
22000221100010112001
0121
1201012112120121220201200120021221
0000220020
2112010102
211111022011202021212202121212222201122112120020021222010210
211020220012010201020020202202021122202101121002102121
1220101012
000121
000221011221121112102002201111021020100012110102222111112120202022112221
200110
102021120101202011002202201022012120022100222021
2211211202
000121
01121120101010220220221121
1222012020
000021021112
100102
02001200202210
210020222102010220101200120220110210210221221020221122
20
2221122002211122120021001011212122122210212222101110011121010200001110011002011022022002001011
200101021201
102010210012101000122220210122210212021022012022120021222112200222121212221121011202010002212202002212
21202021010212212222012221001200
1000111102000220220010
22011200
02
00011210122112012220012202201100122202110122
2200102010
0211011002021200102110
112121101220100200110220022012121210201202211102210102222212221200122202
211110020022020101
110112
2220102111121001202220210201202222021001220112202111112110
22111022021222200222222010201002122021220121
01000012
20
211110
101002
220111020001112012121002222202202102210001010110222121222202212002111020110211220021
2211102010
2002112211210011001121122012211120210222220111112122010102
1202100102210202210120101211
21120212220201110200210201002220011102112221
02220001000022001020211210112011010112120200212210112201
212120
102212
20111002100200111011200200200112101010
11121111120122220022022120
02211200122112201000201012111000020210221112212121101022200211
111100022002
2211001110202220110001120212
10200122211121
122012201111121011010001
001012
010200110001102220010220210110202020212121
2011012011201222020102020122
02
112220220110
0021202012110100111011212110211212022002122110221001021102222001
0210020020200020121021
22210201100112102021020112001112000111000120
02
120011011110101210011001202201
02
112101012111110221012202001220022220121022122112111120022121
1210120100011020
0101220010121221120022111100200122
01112221210112020022110210210022112001001111222011111102020210021020212110222210
1202010220100102202222110020210222110010100111
01120112210002012022111111
120121101120
21001100012212022211020012
11011222
1202110011001212212100222200202011222210221001110210002002102112111220021120021121001222222120000112
1011110121020201
02201202122110212022112122
002022012111120100211012012100111201020002200212222110012022100220000111012202222002122220001220010212
110020200222
20100010
122020102212101120
111000120000100010012110111121
0011022011100111201010
012110000100
112210221011001201010021011111120022
102110210210220011102100220020101211011021011211101000002220010021000121
11102021112200211201222100
11001202110211221101121020221211220221120020200122210202022011221111101012
00220020
0210112110212000210202122120010120121120001012211220
120001
110121211000001211110222212120000221
20201021
021200000001202212220210202100112111112221101022101210002002111100021210002200221001021221012221010111011101201110100012020111221000100110210112110021120200112122220220011200201021122100210122
2211102020222102102001
20020022221111111002221011021022011102110101212212112201000102101101222100222112012220111011110120
2200220221202201010001001021111221021100
21211120
112200211212022200120111122122102200
221021
02
201001
11012000020110121210110202200101
011102002121000100220110102000020002102212110202121220022202001110112220201112110022220200011220121221
11101012211022011221200122210012022122122012021112011202021002122201
111122002202002200
02012011002120011201211002120200211220002120122220111001112212011111
121212200102
112202
2220
1012
210110120001212011101222212021001121120121
102222000000110101010120211022001012110012211221221110110122012221022220002201122021
012211010202222002002201202012211112
001211210020100220001212011210210112010011010121001122110211121111
001001012202220020220221122022112111212121111122010111120211101122220012120021
102201220222001212
112110
0002
0011212100201001121021011200001200
02
00222000
00212021
102212
002022
0021001100222121220221
02
20
02
102111201011220121212011012110020022200001222210112202120120021121
22222222121111211220212022211002010110211120200100221021012211001022021110
101201220011202220201112
2000
200101021210020001211202210220221210110120002212120021
210202122211001221101112101202010122212022020220200112120210002011112111000200102201121120002202101220220001111102
21111021211112020021212200112220012011
10102011011022101100200102
210021210021212212100221121010121212000020111200211212
0120222210
02
11010021
012011220122
12201220110002
11001110000022101202201101200100201021100020
10010110002211012101210002102210
021100121000220000111122121101001221100011021011101222
0201210020
002211110000102022200220122220220001110210
000110001010220220002101
1211002022021021202002020222200020011002022201120021
2022
12120012111120111111100100010002
0212010200000201002222210220122022122212112121020100222122120221011010111110022121101202212021110210
021222222212
012021112210010022211210100011220121002211
2110
0101021202212200112000210010212210211100202101001112
2101
2021101001222012202111212122112200021010
2211212212010210
1021
111122211110
0000101112
1101211211021120111110010021000101
020011010110000101212110
01202221111210201022100121
0122211202211010120202121010011020000202211220222011121222110210212121212200221022100100111212121100221222122201
202210222212211121122210
20
00202200212001111011202000221220010110202010
2210222200112020111112
1201
210212
10011120
11012221
11012222110211022220010110102211201212001220110020212001101221120120020110010212112222202020010102112110222202121200212120102022000011101111220020122020201221
22111220100221011002020022001010202021202100222110201211101101100222100122210000001212210010
1120
21021102021211120221020101
11221122211102201120111010022121021211
2102010111010221021210102200011002
002122102112121212012202111011120010012021111100201212012220122112011121221200121002010010
02
002020020201102121001221120111
22202001001112021222210022212200210001201100201100021110
20
02
21221221101001112201120122101120
100120
01101210
22212212220020220101
21121012
10000002001000022101011011
0001201012202210
1000202100122220011112021221002100121222011101011112012020212200
22100000100012011100
01022221100122200201010102112222202011121120120210211221102021110022022121122120112001221001112211102211121111120111102211111112222220112212020210000201111211020202210020021010012020200100112022021010212001120012221202
102000120221211200222112100011000202120010221212210020211201
121112111100222202
1122202120102212022200102221102222002221002120
10100222022110101212222200122010001222011212201110
0000222121200201201210110112121001111201
00021212
102212201002021101100102110120012020012220012000022221220120011020100001012012000022001011010200001102100201
12210122122112
22010212220122011100222100120002
1220011112001200002222020221221220
12001110120222102021221110
01010111020010010212021012200012222121121121200010121101
101101120112120111011221
021010211100110021
112000201121011010
1212000110100112022022222020110112002010111122
022121
00111202202010211220201021
20
020012111122200211001120021100120221201110010221001222121102
021202012000112001110110012112100200112221120221201021111111220010021201220220101100020010222010100211110121022210
121211010002110012221201200020
0002
2000110200011121
1012
0120210000111002222021111002220120010221100220001200102010
121011022012001211200202101100102121000220001122210001
02201122102211101002100210202221121012102001212020102212
0220200222121121121200002211001012211012102120221221222102101202
211222002010212220
210122202012102010110100
01212102012111101220000101011002120210011212112000121011
0000101212222211220012
1021212221100110220212100111021010202120211022112002021220
000112010001
20211121
001210
102111
210202022211112021202120010011201010100212101012012002
01121101222011200112011021201021
1112012010110120
1000112021212121110020000112211011220202101020110121121101200201000012222100102002220111
21201021112111020112221102
012201212002222201112002112002101101
0222220100211200202010
00200100210001020200221110001120
022101111201100110210022101120110221012011222011202211001011002220
1021
121221210101012211120101210210121200000122211010201210000002021220101020000202000111220121020122222220002111010211112012020101011022
202012001110
110002
012012212012102110202201212211020222100200010021220122100220221022012202
0120111212200022102202
220021121200110211110210
000221222212212112111101210011200221112000
0221102012122000002002222111012212100120111210200201112000101001221221210021221101121111102111212220
1102
2210222201120221
02
011120121112202111
121021001121
001110011001112101021001202012121220111222011211202002100201121002111112120011000111112010
01120102012110110201102222211211100201
200000
010211022100
00002100211101111110120101211021202010012100100222
022002
2222111112111221121102
01100112210222200200000201200100201202222022
21112210
02210102220202210120012211121110122000222220
122210
101000221220202102
220021120112122220022220211220120000
2211000022022012122012021220
02200022121222120000001121022111101122110200
0102022221
01112202212210000202201111020012202121222211200022
20
001120
0200
110201220210010120
221102111120020020021110201200100010
10211212
2110000202120001212102110110110210222200202001110020
12201020
21010112122102
21221110010001220121101110210001020010111001222112211100112002212110210001200121112202011001100022221100120200
20201000202120212012210001
222110002111220201
211022
022002221010201012
022121101012202102021022102120111020
01212200
1102012210
012012010112020110112000211012101112210201101220211122012121
0022121202222021002221011202222100210221101101001012001111012121
2202210112111002020011102111011202111221010011202201
20
11020001202020220111101121021210
200120010001111212012211210202010221021200110102111200112011111021
1120
100120110020002011120100020110200010022010210212212012220000121011
0111001111112200111221021022
212012200121
110222120202021121222102221111111100122001010022102020000100220022010122020110012102
20
002210010001100001222221220011
120011112110111020001222210220112101000112220022212101221100112022220121112021
211010100002222110
012110011112000020211000002020112211200001121011102002220120212021200011112012210110020021211211021000220022220022
12122101121100100021021122222211022220120000
2000
20
02021201
2220
02
100200200222012011021100
2020210202101020000021022010112112011212
01122212201000101101210012122010
02220012220210
201002222202010210201210012211111211001012110222222102
2211202010212212201102011111210102002210011201
1111122102111001102102100211020011012122222100
121012220201
02
0202212100122200112210220211110111020000101100
2110120121211210
01122220102221110111220111
10011201
20
1112112212102220022202020001011000022102000012010111212102
20120222211200011211100001010100102120220000001111120011200202012020001122220110012022
0020002002212102220022221000011201111221
002110100001001001
001110021201111211
0102002201
102202020202021201120112110002
1221002000
10000101221002
1001222210001021111021102102112001
2110122211121010102212211220120010020120122120121100021112120221010122020101221201200011210121022122011220101002121001122200011212
12112210101210120220101212022000020011220212202101100220021202
02
2222020110120102001121000011200000220210111211102121201021201021011120022010101121001222002200000110101101200000220211222120002210002012211021202220110210
0022001021000020210211212220012021110200
20011022210202121011001112211201121012121100212100222021
2010121011122110120000102122201200100222121211120022122210212010111201102011112220122220212122211101221221
100012
11110002
00111210
0100000121110210221112021012201020
02
112221020110010020122000221201020022122020202120002000222202011120201101110100101220122012100000220102
2110
22211212112201010002200220002021
101002
1012212121100112021021
0100002110000202200022012011
012100202112211101102211122120210100220011112021200001021221200122202112
0011202210021021022021211220210202010102101112200010
01201101020221021122011200222100122101221101010211222022000121001010002212
120111202120202122002011
20102220220120
0211122001
122120
1210011021200221
220001220010212111221201222112201100202002202110011101
010002001001000221
11121121012212
02
10222020100001122111011011021122011012011222
2012111220102122
010020122102220200020021122001202220
102011121022102210000012
222200111222110001
1220111211
12222200000010200100021101100122
2120220112200201
21110021110011112110121101112001020110201120102110
121112020202
11020210102101201001002221120012111221101211221202002001022220121112002021
2022122222111102222112002212100010001222211210
0001010221100212111201201102002210220020012002112002211201102100
2212001202
211202122011222021101202220020012222000100122112021201121101011201021102
211000110121020101
00011110110110001221022222012110220122220021011112010011010102
202201120111022220002111
111021201022020201010101110220100200
122001010111012012102122122211202002120122100202121110
000010010022211020122221010021
0110211211000020
20
0002
101021102020202200121102200202120120212022112100102202220221222210
100220000210012002202102122201
01021102001111002010021000001200
2121201110200110202021022101210022111020012100211100101002111021001221001111020021
22122122100121000221100120201121102120221010102102022211102022010000001101022021202200022000001202112001212220
2021211001122002211020001211220220
011011101102112201212112210211110102202010
11102211110001212012000112222020210001222120200111220120202111012100210101011020202122112022
10101022222200101120021210
11220210021120222221211220011222012212
0201011122
000211
221220221022012211100012111011
221011022102121222200121110002001110012202101201111222211212112012122220111212201102212222
010102
221021
0002000102010002022122002111120220022121202111112111111002021121120000102111020210002112101002212200221112001022
0020
10012212221110021211011020100201210220221020112010221012
01211000020120111222212121210112012111211112100012221101
112202
0002202221201110011122002002111020022021120022
020110
1001111202210212202002000000211002112000100000012021020020
21211221120021021010112001002022022012101122002000220201020110012121122201200120011102222002110211201111200201201111010011002210021012222122021102011121000211100221111121001011120200011100001220012101211111202100010020220201201021001102201201222100211200000022201112100111222210012111020120221120002111122002101210
20
02
01210120221101222122111211022211
1122210020100211
1201
10110002200202012001112112020220112120100021
2221201001102202
20011021112011212222201222021112000202012001
220000200212001011112002212011202212
212112221222101212022222200100221100102022110221211210002112221201200022021002222220111112202212
12022222100002102002122220001120202200110022201211001220
0102002010001200022111002112
2101101111000010
10012112001100021100111202111022
20102221210221202220
2111211222120101112021111100101022210120212221000010011002
11212002020020101010
00012221221211222221
002110
202020
00020012221100022202121221
2120221110010000101221012122
0210001210020212
20012211200222202120201011201121122200110012
10010021220222102212102200211020
1012102022010200
01202020001102020210102200112121200110210211010210210212001120011000111012201121222222110001
20
221002212121200200212201100122021222112022210120000211021011012012111021
101012001022202110
101222010112022000021100211111210212
001010021001220100211002221000110120121111102120
000221100100220100002020012002111212211010222022101100111200020111212021210011100211210102102202200010111121011002201012021000212002201200210121022112002021122020101002022002
121200122212112220
2100001120022100120111
1002222122110221200220020202120021211220100101121101100110110220022210211011201101122012122111021022211101002211002202
1021
02212110120102020020010101100020012222220220202112
22001101010112012100100210101022
202021000021012020211110021010000020202012002011211011212212100111001111010210
112200012111
1212011000111000201000
0211
210210200120202000202000021200222212212101010000102020002112200102121022011210101022222012202210122211210122201110
11210011211002002111121022022002212210
1121110201221220010010102001110011000011210020101020122020220002002200020210212102220110022212121022102102100101101100202012
2220
2202
011222
220212212002
0110012102112022
1120122010002000220020212112010221011211011211020210121212120022121001022211002220202012110002
211021112001121121102011002202221101
1000112002021110
