101000211112
20020
10211011222201200

002011220202112000022101
01002110
0021221022022210
0
01210001
02
21102222202020021001200201211211220110002101112

110220122
012022022220122222111100222
2
22012211

1012202221

02

2222
0022010011

1101221121
22
1001201211020021

02
2121210
1102020122

022220012110001212001202
1010201
1200112

21112011010012200210201112021
1010001022
2110200021
02


10112

2

22
2
2112122210020102201102210120121220001
021101212102210
2
000
20010101012120010012212000020022221
122101112111021111210200210221


2
100100022111020012
1120221022111

001111000020221012
11212

0101200202202200210202222122021121201210
0211110101
1011221002202020200122110220210022101222222221002222021022110202112000000000100000010211212
2
2121021102001020011101
00




202
220021112022000200
2
20
212201201
202


011012
10112
2



22
20222
121021120201201
0111
22
2
01010010
1110211122
2022111111
020
2022012021022020220101200021212101110002022120000110011

02
2


020002

0
1221001
11220222101010012211112200220211

1202022000011



122111102211001220202101000100202021010021212
12202110112011022020001001
01200101000022012121


002010201001122220012011021021021201000000222122
0
0120111122012122002002202221110222211
2

1102222010222
211021


10011100110
1222212101012222222211021012
020
0


20020


0

2111122111112
101222112011




2
1011
221001110220200212122
1202220110122121221001202000222100
1012111020122011221
2

00000


00
1121121122
2212102221
02

01201102

10201220001002012020112102000000021111221
002101022210210011
0201020011
11120
0101021020110000111120102101000120220120100010100201
2
1201200110110101200122011101201001120002220020021221102000021110112
001012022111101201020002020200102211001
222020111120121
1020000220001102222110212


0201102201

101000001222
222200
212210010
112001211221010010222112011

10021000112121122210020101202120221121101122020202220020020110020100111201200
02


02
1120000102

0221121111
110011101010100211011
0010211210122110010012
22110201222012122011002011121101002010011211
1010201
101100222200
00212220212202021202220
111
02

2
2
200122000011
01001100
1010101210220102022102112
02222212022220010021

02
2122012021
000
122100021
2002000100212000112121


0
22

121222100
00101221
1110
2012220101
010020210100
22
2
222
00
1221120110021010121
110122210011
22
120000012202202110222022120200122120221102
02122022200220202101

2102002001120000
1101
00
010002212000120
02012020101
0012002011111221212000221

1220101002
00110012
20

222
0
200111
10211
0200220
10010200222201021220220121221101210221200221100200001211101
2
1211

1112
12222001220021
0
2211100
110020021

201011220120110
2001010212
0

2
110012



2
10200201212

2
120021021122211111221121111


1010022212120202221120

21000211
122200021220000110222201001122200102212100121
1012201
1121
111
11202210220
12012222020011212012
0120122220111022220202212
2120102220202212
2012101012021000012022
21200102111011122122201122200200200210222
0020
0
200
102021201
010220021000120021122122122011200211100
1202001001212120102

120120221112001212000210111210222
02122100222212210112111
21220012110001011010222111012


0021001122
000
2
220201121
1101210102101020111212202121020121

10000110210011
102121212021022110211


1201021122211

10001000212
111
2

22110002121112
1121
1000200211
2211221202
2


2220
00


2
1220020201220120

122101
02
01000010200102
1110000102101
101222201111
11221211102201112212020102110011
0

200211121000022022101210200120111200022110221002202222211001010002222
00

1222100222002220000100
12110
120211
0
01101210222002211212212022220011101
0
0101021
121220020110022210210

0
112012
0
011020200221
21011010102210111202
0
1000220220100101022000022000022011
0022002202002


20021020001021110211202210010011021

120100202220211200221121011
1111222110122000020200210212200
00110201202
22120121
211020221110000221220

20
012012110210221
2
2120022211
0100101011211001020102
212220121112002120
12101
0


2


101000010
102211
1001021
2010221022201
0000002120200022210100
0
01121020
111
01101
012000122120101020122

00
120201220021
010020110
0
1102020212010212001021002021110020211200100222211

2220202
02
101001
2
121110002220221001
2
22
02111002120111011
100120001100210211020112211212211201000
1021120
0210110

02
2010002021220110211002
11220100
2


122101
102121012010220010112211222011111


1101102110110121121
1211211002202220000020202212
2
1220122221220211011001221022
00
1020022200110200
010201001


10110102010121200211112011121121012202

1110111002
101222220022002212

102010120122021210

02
11120000




12211


020
1212102
12200100212

122212001
2
12222101202200
1112020
11110200201201
120111210000011120022201
101222001000
0002
2111

20102121
02
2022112112001010

00111
1111212200220200201

2202


022

2
000
11221122001002010

0
02022220
12221202012
2101210
220021101022

2112201

22010100112212010
200
212012000112022020010012

20000

201021221200
2
02122111022002100022021022
1210100111
11121021120
11122101020011201122
21222020000122222200211221222111220012

000

1002002112
22
110200020102

2
02201100021
0101201
22
111
1102110012222212
1202101222

12011121010
00210102020012100011
1222201112121112111102112001102020200222200202101022
110212
2000120101
210101012102022201
02010210200000020211011
22
11221
0000200


21101020
22
0002
10210222122
20
0000102202220100002211121
20022122122120
0

022221101
20111
102211

0
2100200002002222011


2102022021212
02
21012021202
0
00000122202002000101010011
1111210221000002
120222111000220022011212120100000112221
2


0
2
0
2
2
0110010
120010001110201
0220
01221111200111220022221
2212211210122001122000011


12121212100221

22
111012110020
1002220102100121221101011202200001201

202
01121002
0
002112121011
0201100102121200020022221221001210202202
011221
0002012001122022

1021201
0
20212010020201121221000020010022210021
0210210001201021222102
21220000111011
222
00
0012101102202211
12221001
102021202012122221012000102121002

2021210212211022120

011021
0
00022
0211020201
2
22
2220
2020110102111212122022001
10121002
100212200121022202211110220200012222

20001002020101021202022000012111112212021

00
210100022021
012121
1101101210
0

20


1021021
1110
2102221022211022001210012000012201202

112020220001
101212
110002111201
202111021111101
002122220100000220012
22000
012000022001202202211210110220200101
2120000211202100012111211212202000102111100121
0

21002001001222
010110122111121
101111010002

021221112120220111122
200
210000011
222221112112200200111112111210221112000210
0110012
20022
222
22210020120010202

021012002020201
101021120101
121000101022011112222212102220201102
02
1120211020120002121121
220
02
00
1200011210120110202001001210212122100002120002122

2
11000221
10111121022
22
21211
0
0

12111202220200122222200222010
0
2
0100111101001221000112020202212212
0100002221000000001

2
20

0
12111011002212111100020010


120011
202
11212
12111121
0212212121212210021200011
11102211112212100210011210212101210120
1010121110010222121
022
222111
02

10002120020110221100
0

22
212121
21011212100011020122220012100112220200101011022211020
22
00110100
10122212
11221220

22
1120202000002001

111
20110201




1011122201121

2
01110120112122101
02
021210000102
202002102221111020210210220121

20222
12202002211

0
1212012
0
02220110221
12020222100022012

20222
002

00

0
210110
1000221220110012102121210100022112
22212110210121
102011
0
2211012
0

1212122
110000010
001022122120
022
2
0020

101201
110200002002210
1121010220202011102121011021122210202221
0

2
2112220120022
12100210
01120221102222121
2
2110112121111122201222212
2
010122121221222202012122010002210101210100212022000110222101102202222211


22
1220120222002002010202
22212101122011
1121

22
212000002120011122210020
1212020121201211020011
120022121
1020222211
20000
11020201
2
12212001
22201202101101120102112111


200
12200120000102
211102111011011012122

1112



002
10212002011100221000
11220211222121

112211002022100112122102111012011

1021021


200102212002010110222210

200022011212120100102
2012112100002000002202021222201012000120202002022001
0
21011212002020222021201100222112102011
1220120021
12221101221010221211100100202002202022212
0
112000021011120
0022
00
0
012011
20

02

110212111201100001

22122202220011
20

22100220021221121221100200002002021212
0
1011
2
121121022011121020011110

001022010221
10220122120002
111


220
0
02202
22
0112000202121000220122210
211202100
110001112112021011200112022002110222201021011102002201220222010222


12112200
20


2
2
01212101001221211020001200

11221112202021220
22
0102011
1002000010120


102002210212002200
0101001210100210
02220
1000100200001
00

001001102
012212100010021202201
22
1102220112100002000221011020201102220212122
2001200211
1010222011011
111
11022012220111


112020020222102
1101101212122120200022221
2110121022002222220021110102212
1102021
211221
0
11110021220210
12022022211111
0
2210010110021002002010101222221112011121
22211221

220000
22


212000000212122
201211022100010001000


120202010010

21220201011211202202
2
0002000
0111120111202012012212201121102000212
21101102100202012
1112
22
111
1002010021

00
21111012001
1201020110002101
20
10222100100200
100121
0000102002021221012020101120212011222101120222202001102

2210021200001220220202
1222002101
000


20
2112002220011211122212202210201020201210101012101111001
21022022022121121020201


02020101102
20110000212
002
0002221222221000201
2
0
0
1020210202000000000211122102
2
2
11022120
220
2
12211
212212011120000200020221
002
2122020021202100020

21100010

12020020101120121

112110200220011
120021101022012210112201112112001121220100120
2111
0
20002
1212212
000202
0020000012000120021
1010221



20210112002
011221110010
1020101202022212022101

20


2
0021011
002

0
0

121001102100212120211211002101222020121
020220002
000
22
20202
1222022020212201111121210

111
21212101001002002021122210211010221
0
21212101101211120

120100121122000202110101
121202201
02
0
221212022001011102
10212011110
00
10212102

2

01011
1221010100211200
121201111022
0
1110002
22010220120102



2
120011
0111

121102
1211101111000201212011
212020100012010201220100120122102001211

12222100020002101100222001111
20
2
2
2

