0121211201201012011110200
21021000122202001
20110200110121102210102111
02000121101222020212200020020210
0010101
00
121022111001
12001202
011121100220
21000022

0222010112222102110111221001202
20212
0210002210221022010021001000111222211
0112022221002201020210100121112002210020100121121100000101001221101

1211011112201
020100000201120121212

1

01220222121110
10212100102







0
21001120010102
022012

1220010110021222
01010
202112212220211020210102111100202200112

2100111120120010
020022
2022101
2212221211
1102000000011100020202221
212010221020220022

0

21211121
1022202002210
01
2022
00

11

11
20222102121
2101112001111210
0

201212

1
11

10101000221220020022221121022
2212112022210122
200122211011202
020221011

100

10120010122110
1022020
1
01221102212200


221110002001
0101
10220100122012020210022
201202
1012212
212001101011212200120


1101210221220010201
1122220002210212201110
1
10


110210122021002122221
201010101002012000
1101

102202
21201000001021010001112222202020101001221
12111202
0211000120220101102111120
22011102
0
121022
0

22121
0022001120220220210012201012112
0
1111121102010120
1210110212221102122211021010221
22112
2201010102120210211100
0221100211
02211120
0100112022110
0102021120
122002222120112002
1



212012111222
202012121002110202221
222100
0
2120010111121
2201222221201012012102220221201212012221220010200


0
1001110
0210212


211012220000202
0200212101
0222122101020120122
120201200

0
02120002202010000102
22212010021122001210102221102
00010
0
111
0101200101221011
02222200221000121012021112002210022210202
221110211020202020000012011000002
210200102
01
002112121

102210101110010011000202202

202022022122011110021110102101120200010
20020012
1

21021220222112220211222111102

0220021
00100
0000000022021220112
021002220121210202012101122022101102010200202122200102


00
200022110
00110
101121122
0002220020011102111120
12121021122022110101000101002000120
102101201112202122020222110112
2122121120002200002012
0

00
220022010111221

11021102020201012222002
10
1
01



2221100


211201012111

0201000122221220201102
0
1100


2011110021010112
220110112012102112

012121221210110120
21101110221
2202021012121112201121020212222



011

22121

201120100012
111

211212222
1
1200012121
2100222221
21011210012020
22122211210200010010120111220021020012202212002

0
22020012110222022010
1

2000110101022102100110020011120



0100100212112
100200201102222202012
0211022212120200101112100001121020100201101001022011110101110210120

10

2200210

1
010
21011110001112211220021
1010011

1011201220
0200012010002

11120112102
101222201222200212012111020
201022
0010
0
120112021
2021011002

12210211000011012012011021
00211221
0

111212020
101220022112110112021021220221111110121120101212022111102100210121
121021012011010012012202100201010120
2011122
1002002000020
21110021121

20011010122
202221202
10

2100002022021121
0210022212112

1
12000201222002

2002120

001

1221112222

20011212

01
21222001121210
211012020112102111002111
12110001100012002112222002212000111012100120211022000212111121121022211122
101221201
1201021112000221220121121
22021
010220012212112
010
2121111102211212

1
212021210020111011112101201222000120221211012202201
0022100112011020201220122100000212021101020221
0222
101201100122
211012120
0
0
11
2202202011201110


2212

201100020000201

2112021021012022222200012

20211110200102220220112012201101010120
1210110002110201
120011212
01

220101012001102102202212

11021200202222002222200111110

21122
1

021120201001001
0

121121110122011110011002020

2101022212200
10
0
0210002201202011202001120210
0
021220
222
1
02121122122220000202122
2121010001110221122
100220120
21111111122001000000
11
202212110012021202121111
1


002122
10
2022202022211002
111
2000021100100011002220100120
0011101001120222012111002021212001221000002
120020211111

222000

2221
011
100
22002
2100100002011221121101210
01221020

0
021022

2111022
000


220102
00201000202

22102


22222100120011
020000121002
022210
01
011212000010120202011221002002

112212

0

120210000020201000000022121012022222120002
122012210022
1201112001002
21001000202121220


210022
1222022220122011
11020000021201112212
121212021101112001012


1
0220202202
201102100112222
2121021002001022
2111120001222112021011210200
000

1212002220002

021122
121120010010101100020212002210220
01
1
00211221
110001
0
0222


11101

201010100222102221020212020020
021120002022001120012200211110

0
10
201212
20012102
0221021
1112021200
1
2220202200

0222
220210
21111011112011121
0
1

0211202
220222211210201210202210
0
220200210001222011112210000
11
01000
020011102120010
11222

0202110202120102
2201012010011120012022212201122
222
1011
11221010101120
1
0112002120
01222120121002
2220

101220112000
0
0011222

002020021001
002110022
20100021221221
2002122120201

00
01
12022212200

1122121012110202
0
21022
1120011020200
01021212
01111

1111122202222212020222100010010021211100
2102010202110211020112001110100221211021110100220111001002101221221211001021002
0110

0
1021201220002110020

12120201110001
0000
111
0
0

20010220
0
2212
0
22111120
00
1222021210221201020200111000122121000201012
201002222110200
221010011212102011012
210100221

0

1
2111212211022

01212000020
2121112
211000001000020100012
1
22200122211
22002222222022111121201212
020102002
00
202000121
2212022121221100010100000201202020
0001
0222211020020
021100022022110020

10010000


020210102
0
10
1
01
211110100210020211012121221000121200112201122122121121001201112210211221212021121112102202101012200100102001000120
0

2110112100222101101010002
2111110001121112
202122221001
0
1
1

120000000001022201122

201201022002021

0
122010121200022210000221012202
201111010111212100111
01
2101202

0
021200002
120012222212011112112222
10
121110002102002102022011101122011
1
02202101111



2102201200020122221

22002
2201112
1
12020001222021201210002001
1
20101022

012201210200022
1
1
222221220122
1211110020022022
222012001001120021122210

21220211201020222
1

10220001120


2111110000102002220012
201222022
10100

0
100202121
22010210


12010102001102
2000100101000111011011220102012010000000102021000101110012210

111
112120120
20010100010021222112

2220020212121220
1
2011011210220111011102101101010022202012021121
1221221222211001201
211202012111002112102010002012
10222
021101220210122

22121
01121112210
110
1110
1
021222102001100102
000200202

2001020102
11
01111202010210
20100120210010
212210000
0
00022111110221202
12111002201
0
01201221
1
202021120222001012111021011101222111
0201202
2121211
101201221
11100
1110100

1

11



0211002100011011011011120011
22002
00201202101022010110010000100210212011112

11022210200222021001102
2022101
2120102

222100
1221010120


0
2212
222
00
222
101
21201000101212202110

1021102120201101120220112112





1
010220200
22222100200012201110110101011011000211021022211111212



11
1000121010220121000022202122201122210011102
1
2101211011211

00221020112121120
10

11212211022211211221
21202202212102011212120121
122120
211022011

211010101022

1

02220122012102022111

100
2001201112
01
102010202121220100021122012111121021


101102111000020012
2001200201212212202121120110020
0222
200201012121021010111002
00101212120012002100201110202020

1
01
1000
00011
0221112
2122
1222120212
0
00
1002201002
0000
201022111
01201000122021221
10011222
1012212

011

000
10212211022001002100
11

10210201021010012221
2101112001211201110200102
221222102012001010110212

01012110100101200200202110211
10

01

01
122100012
2212222
000212212202010
210120110101010212001202010211220
1021111212210200212111022



21111122
2222121102110100
21121211022120
0222012201222102221211
0
12210000020
121022011
222201100202
2021100210
12000000221
21102112

1020221
11
1


012121112210200010121101
1
0
211020022211100121110


01
201122
11
22120222201221002002112010122102000012100002022022020012011102
2120202021111121110222201121011112220112
10000
12110001122020012112
1
1

2012001121102210002020222200011112110201200200222221012210221
0
012101200112
120120210

0121011101112012


001
222

02211102110121221

1

1
101101


02121102
201011122

221001111211

11222011

01
1
120121010201200112120201002222221221
122011010220001012101002

2022210021002
20122111
22102

01002112022100101220102000120222110010021
0222001


22121

210102120222
011120012010212110010012202001222110000020200
112202
110210222101011022201110122020200210211000221



121022222


00202112222
22220011201022122202020
20122
01
21222012211
222


0112220
220021001210110202
0210121211200011111010202100
222
1222
00
1
002112002

1
021012002
220202220

02110221212210101

2000101011102110012
20002002220100202020200


202012
12001121020
12020121
1


0
1101020122210100020010212202212211102002112211112112

21022
0110
1102110201110221100210012
0111112100000122222
2112022000210102000010000
21212
11

1211001210120222

2020020
2212
210210021111101

2200020102022101202000211
0122220121102


00211120110012220210202002120102002
1
00022001002000112021022101100000012120211100101202210000112200210121112
1201200102
212012100011

22122012112111121101211102
1102101022011
211212
00001
201211022100021211
2211121201221222122021022210

0110

0
110


0
21112022022201212
220220002012112111212200110202
012211001010000101111211
2021210
2110202
0
0220010012

21212
01102120212110222100221120021221211101100012002022000

22020202222210
1
02100000020111222100002200222202


2210010120202202211021
0

2022
01112112210
01
1200001201202121221122022210011

2101011021100022022020101101100011202


20212
1

02022
021120001101022110000011121221120210
221110201
1
1102210012112111000000020000121202002212102
11201012101120111
01
11
20010122

0202222210
0
10

11220210012001021112212102
22110101011020
2222121112
010112120022211001010112
1102102220012002121222111112220201001010001002100
221221000202
0100
211022
001
0
220120

21200011201201020201020022111120011111101010012111111012
22221102012111202010111112
20222020101121101022102
0
0
10220120222200110220
2111112102222212211200022
11111221120
1
2112011212022
0
1

112021012221100010020011112121022212

0201011101202222
10000211202000
1
0222222120010121020
1
0
211012012201101011102011010001202020110012
2222002022201200


10

20112111000101100020200010210220202201210001120
211221
10

10120200210110100
0
1
0200111022

112122
0200212
00

2011121100020020220
0
21102002
222
22020
11211100121221202
10
2000221
2211102212011021

110
