001010111
1
000111001
01111
0000110
111111101
111000000100111
001
00010010100011
10010
010
00001
001
1
1111
1
10
01001011
000001
1
0111000001001
0010110101
1
00001
1
1
1111
11
001
0010
0100
101
101
11
10
1
01000
001010
011
1
11
11111101
1
1
11111
01
00111001
001100
11
01
11000
11100110
00110
00011
1
1010101
000011
10
0010
0100
010110100
11
1
001
001
10
0110000
1
10001
001110001
001
0010
1000
01
11
1
11100011000
00111010010
10101101
01
01
0101
1
1
1
111000011
0001
11111001010
0001010111000000
00100111
11010011
010101001
111110
01
010
0101
01101110
1
00001110000001
111001
1
0010
01
010
110100111010
111001101001
100
01
0011
001010110010
01
110
100
011
100
11101100100111011
1
00100
110
101
000101
01
01
0101
00110101
10
010
01
0011101010101
1
101101
0010000
10
000100
110111
0110
1011010
10
10
00110011001000
11101
101111101
01110111101
11110000
01
10111
0111111101
0010
10
010
111000001
0000101
11
10
00111101011001100100
0000001001
0010
10
100
01
1
01
0000100
01
1
0000110
0011
000010000100000010011
1
11101
000110
1010
101
00100
1010100010
000111000000000011
0011
1
01
11
0001
10010101001101
1
1
00110
0010
10
01
1
11
0101111000
0101011011111000111001010111111111101110001
0110
10
1
01111
010
011011111000
1
11
01001000110
001000
00000011
11
010010
1
10
1
00101001001111
100
01
0101100001
110000011011
1
110101
1
011
01
1
001000100
1
1
00100
1
0010
10
00011
0110
10
10010011
1
1010100000001
0111101
0010
110011
01
101
1110110
0001
11000000
1
1
011
01
11111
1010
0100
00010
1
0110
00111100
110
1
011
0001
110
101
100111001101
01
11
1
101
00001
1100
1011110
1111
000001
111100111
11111101
001
001
111100110110101
01001110
00010
0111011
01
001101000110
1001
00100
1
00011010111000111011
11
011
00001
1
0101
01
01
01
01
10
1
1
001000
011
01100
11
1000100101
00001000
0010000
111001101001010
1
10000011110
10
00001
01
010
010
000011000011110010
101
001
01
11
0111010100
111011
11
10100110
11
10110011101
000001
010
0100
0001
0010
1000
0110110000001
001101100
110
010
1
01001000
100110000001111
0011110
0100
00000000000110
00111000110
1010000110000100
1100
0011
01100101
01001011
00010010
0110
00111100
01001
11
01
1
100
1100
1
010
010
11
11
10
010
1
01
10
00100
01001
1
011
01
0100
01
1
0000100
11
011
01111110111000010100
100111
010
011111
1110110010100
0010110001
1
000100
1111
111100
01001111110010
0010011000000001
001
1
1
01
1
1
0000000111010
1101011101
00000010010010001
110101
0001010
00010
000110
0001
1
1
001100
01100011
011
1
0100
1
001000
111000000100
0100010
00110001001
1
1
01100
00101
11010001111
0101011
100
01101001001111
01
01
0111001100
10
01
110111
001001111011
100001
01
001100
1
1
0010
011101
00011
010
1
10
1
10
10
011011
010
01
1011000001110100
110000
11
1001
011
01
0101011
01
000011
11101
00010
00100
01101000110
10010
0011
0011
0001111
011111100000100010
10
01
11
01
10
011
11
1101010
11
01
00100
01001
0110111
1
0101111000
1
0101
100
010
00111001
100
0001
10000110001
11101
001010
001
1
01111010
10111
1
10
11
001
011
00110
01
1
001110011
0111110
0100
1
001
1
1
0011
0101
010
11
1
0000011
100001101
01010011
1
0001
11
1001
11111
01100101
1111
1
01
1110011
00001
00011
00011
111011
01
11
10
01
010
011
01
010
010
1
1111
01
10111
1
010001
0001
1
000011110111
00000011
0010
01
10
1
00010010011101110
011
110
10
100
000110
0011
11101
011100001110010
1
01100101
1
0101111
11
1
01
01001
1
100
011010000001
01
0100
1
11
01011011110
1
001
010001011010
1
1
011111100010011001
001
11001011
01
011
1010
1
10
1111
1
01
1
10
0011111000011
0100111
1
011
1
1
01
0010
001
11
110
01
1
11
1
1001000
1011011110
011000
0011101110011000
0011110101011
0010
10
000110001011
100
0101
001
010
011011
01
1000010
011011
11
00010
0001
001
0101010101
1101110
00111001
1
110
110011
01
0000111010000
10
0101
10
000101010100
01
001100
01
1
1
010010100000001
01
1
01100
1
10
01000010111
01
10
0111110
1101010
1
10
01111
11
0001
00011011
100010
01
11
010
01000
0110
00111111000011
0110
1
10
0011
11101010
00011100011
1000
001
00101110
10000
00010
000011
0000000000010
000010
10010
0110
01
1
1100100110
10
1
0100
1
1
0001
10
111010111
11
00001
1
00001
0100
10
10
001
0110
00000110
001
010111
0011100010
01
00101
101
11
010
10
01
0101
10
00110
100101011
010010
00001
1
0101
011
01
0001
0001000
11111
11000010100
111100010
11
010
110
1
01
00000001
01000
1
1010
1
10
0011
01110111001
01
1001
00001010
11
0110
10
0101
100
101100101101
111010
1
00010
1
01110100
0111100
1
00000100
1
011
1
00000011
110101100
1
11
100
010
11001111001
01110001
001
11110001
0101000
01
110
1110011
00011
11
00100
011110
101101
001
01000
011
10110011
00111010110110
10
1101110
011
1
110
00110011
11
01011111100110010
0101111011
010
0001100
10
0010000
000011
1
1
0101
1
11010011011001
1101011
110
10
01001100001100
110011100011100
110101
01
11
010110010
0000000111111111000110101
0100
100
11
11
010101001
0011
001100
1110000011
1
1
00010
0001
11
11111
001100
101011
11
101
01
1
0110100000010110000101110
10
11
1111
1111
100000110010
00110111
00011
001100
11
001
0010
0001101000011
11
011010101011100101
01
10
00010
01
111001
1
001
01011101
110
010100
111110
0000000010
1
1
1
11110
0011010000011010001
011
011
10
01010011
01
0001
001
1
11
0101
10
10
10100101010100100000
1
11
0011
001
00010
001
0010
01
000010
1010
1111011010
01010
11
01010
1010
1110011
1
10
10001
1
1
100
01
11
011101
00001
00010100
10
010
001
10
100
00001
011
0011000
1
0101
11
001
11
110
11001001
11
10
1
1011001
1
0001
101
1
001010
01001010011111
01
001
11
101
01110011
10111
000001
1
00010
0000001010
00111001
0101101010101
01
1
1
11100010
01
010000
1
1
1111
01111
11000
000111011010001
01
000110
10
1
11
1111
00010
10
01010000
0011
1100
001
001
1
0101000
0011011
0111110
01100
1
100
1000
01
00101110101010
0011
00101
0101
011
0010000
001
000100
0101010100111111
110
01
000001
01
01111000
010
101101
1
11
000011
0111011
01
1001101
