012011112201222

12002202221110222211100221022220120120211021012200111001122222221210101222222221002
211010220


222210201122011022101112020122210201220011121011
22100110022020020

2101202220110122121022001202000222100
1012111020111122222201120010


00
112122012022202102221202200020

0201002012200010011020201100020000000211112210121201
0121000001121020020011021120
0101021102210000111120202
112201201201201110001002111221201200100110201210112211121201001222002210020021221102000021110112000001202210110020102000202020010202100112211212

120121120200002200011020212102100110211102201000010000010020100200
222110010
1120010112210100102221120111120021
0
22222102221002010120212022102
120122020202220020020120020100121201121
0210020221200001002
020012121

11001110101010021001122200211110122110010012000210
21112021122012202011021110002010011211100102020001110000022
00222120212202021200110011100201010011012200001100100111202010101210220102112102210210221221022220010021110001020
22020
000
122100021
21021101002120001021211

0
210222122210022010122101110011022201010220020210100
20112122121120111222200210201211010121020011
201020000012202202100221022120200110220221122202122022200220202101

2102002001121010111010022010002212000121012102010101
001200201121112121200022100022010101101021001021211201112022211
102110111100110001020022220120022022012
22010111022120022100020000121010

22020


11120022
2001220021102221112021100200212
200011210210110
200101021012020011001022011
1020020121202111200110211222111110021211
21102010021212121202221121101220021121
0002021220000110220101001122200102212100121110122


1121221111120221022111200022202001221201220120122220121022220202211201201022202022120221210111202110001222012020010211
1111221021011222002002002102012001001220111020222010220220021000102222122111122010221201100
12020010011121
210112120120221112001202100210101212012222220

2222212000112211102

2012110001011010222121111


00210011200200
22100111121
11012001021210

21121220212002012111100001122000110202121212021022110211020120102112221120210010002101111111020010002122112111211100020021

210122122120200202001000121122002020120012020222101202021000010200102121120001021011201222201111
1122101110221211221202010211001120022120011110000220221002202201201012
2022120221002202222210001011011011021220222100221002220000101
12112212021120
01101200220102211102212022220011101
0
010102122
222102010002221021221121120122122010202002211120112001022101112101120000220222100112021000022000022011112012020122200021212102000102111021120221001112102


12010020222021120022112101112112222012022000020200210210202
001102010121102201211011020221110000221220

2200120121202
1221201212002221102100101011210001020110122222012122200221012210100021111120100001121022110000102112210221022201211000022202000222121022200212102211111111012012000122121201020120110200202012220210110020
10222112202
1122202120011210

221100020211201000222210

211021121201010010022211200022202210012112002011121122011201100001201010002102110201020112122212012112002112100220110

02020100020212201102112101112201111102002

2121021112120102200100122
1222011111


110110211011010112100221021002202220000020202212
2122201222210112010
1001221012110
1020022200112002
01020100111000111002010120200211222011121021012011011111011202010122222002200221201202010120212021210

02211101200012222221220202202112111112200100210101222120012012222210102102120110210
11110200201201
120111210000011120022201
101222001000
000211211121010212111011010012
120010122
00111
11112122002202002012221111202011
22011001211022001002111

0
02002020
122212020112020121012021211012202211122012
22210100112212010
210221201200012202202001001020101002000002122021011212122110022002100022021220202

000111
111210211010211200010200102012110122
1020000122222200210211222111220010122000010020021
2201121

1002011112201222110002121001201
221211
110211001222221210202101222

12011121012
0021010202001210001101222201121121012121
020120011020202002122002021010110010211210001201011120101202102022201102120210220000020212011121011221100021222111210102212110002010210222112011
00001022022201000022111211002022221221220010002222101
20211110221100212100200002002222012201010202202100200122101
2212122000020112220200200010110001101112

122122022022202221
10002200220111121211211011122211011211220011220110010
12001000121020101222
012211012001011200222212211221120012200102200001110222122002100221122220111021102222200222010210102122
1010112022000012012222020112121020010111212101101010100101221200021022221000001210110202011122

0002012001112220201021201000001220100202
222022120112221002221002122210210001201021222122
21220000111011
20110222012101102202221202221001100202120201222122101020010212120221212121021122102211121111021
0
000211010102020101
2211120
2220110102011112122022001
10121101020021
0101110222022112102202000112010110211002020101200202022000012121122212221012210101000220210012121
1101101211220100211102102

1110
21022210222120201
00112122

2012201001

11202022000122112112210002111201000211102011210120101
12201000002200122210220112000022000
2220221121
2102202001011222000021102210001211121121220200012211110012122

210020010012222010110122111121
10111101000210102221122120220111121221012200000111022000112210100200111112112210221111000211122100120210010012
2221002012001001222122012002120201220102112010

12100010102201111222221100222020110221020120212


120002111121
21012000221200011210001100202001001010212121100002

0000
2210211010022100011212101112111221110100012112202220200122222200222012
0
20200011212122022100012
120202212212120000022210000000010010020121220
101100222111110002001212022001110122212
222111112102021212111210
122212000110111022211222121101000111202121002101021101011211002122212111010022111
02000000212002011022212020102000221110210111221000100201221200102001111202202

112022211020120100110100
10122212111220222

210012020200000200102111
22110201




1011122201121111201102201102221010112002110000102200001120222122102021202022012


2112012
102002211

0
121201100211201010221
120202221000220102010211
00211100212010122100002212201100121200202112000221121011121111101211102011202222101202

121211100100000112101022122120111112210201020120100102000020022122212211022020201120212102
22112221021222101

220112220112122002110212211120221102222121010101011212121102120122221111000012210122222

2201002201000221010121000021202200010022210110220222221



21122201202


020020110111001221012220110112102001222000002120010122211212022120201112
12110200110120222221020202222111220221210202


20022
200120222220210110112010211201112
2110122
11200001001101101211111010012
2121111021

00211021220201010022112110122021222211102112211
22022100112122111111002011010021021212110102212002012010222212212000200112112201001121211211200000210000220202122220121200012020200202200120222011012
12020222021201100222110002011102001200210022211102210100112112001202022022
0
0221020021200002101112212210111001212011
20220211210222211101100001

22020
02221011
2000201002200212210212210002000020020212
2101101122202112102201102102001011122001022010221221220122122002211102
20111202212221020120022022020002201222112022202000
110001112102022012200112222012210222201201011002
222000202210112022

121112222121

2100122111012012211110200011011101221112202021202
202210201100002000010110000002012210212020200
0101001220100210102101020001002
02010110220100110200022
1121000021202201102
110222011210000200022102102020100222021202111021200211100102220110111011111022
1012021122221202002022210212101202212122122200020
210121010002200222222002110010221220122021212121122011120021222210202022022211111
0
2110010110021002102012101222221212110111021220
111
2012012212100020000002121112101211021200010001000


120202010010

22210201010211222010121220222022011220111202012012202
21121102000210021101102
10202011101102202200
10020100212
00
2211201200111201020120002101220210222100121001
10012121121102002021221212020101120212012222101220222202001100210110021200001002222112222220021111000


2112212002210012211022212202210221020201212101012001101001200022022022121121020201


021202011021002100002121100120222112222210002010100112202021020200000000021112212221101110221002220120122112102212012120000200020221102112220220021202100201

21100012011202002010112012102112010200220011
1200211020001122101122011121120011212201001221121

0
21011221122110001021
0022012112000120021200102221211010101101222001211110012120211012201111120221011112020100102011110221110201212011021002120202112110021020
2020121102102111001021221200101122202202021220111112121002111
21212101001002002021122210212010221010122121011010211112212010011212200020
010101
121202201101210021212022001111121200212012110
00
10212112102110001100222011000211012222102111111102211
00021122100
0120120022200121011
0111

1211200121110111100020110201122120201000121102012
2110020121112201211

12222100020002101100222001111
22012000102001211110012102002122022001201121202201022211120
1021220000021200112112100201200
220221100220201101211211021221121221010
2121021
2002021212002220112010121110202120021102


0102011210020121212011201202021200102
220002
01020110112012201202211201022120120111111
22110100121112112222110111021

1212101111101001111221202201112102
2212101202221202121112102220111001210020122

01122201
01011000
100211201112
12121210002012200121121121001010010000211110022

111002000011002100021101
2112222201
002021201000202101101222111121221110222000212020022100201012011112200202121012101201100110211101000021
20020110012
01202001110020022202011101002200020021200221210111221002220102101
11222021202020012110011102
1212021
212121
0121110211222012020110212021111011212010
10000102211221121121100101
1110102121110210101202020221001102001
1120200212102111010000122101212
00212221210022220
001220222122110222000020200012022111201100222011000022

022201211022210211011122100120222021

0210002210111020010021001000111202212
01100220212021010202202101111120021100201001121211000001010012211212000110211122011010010000201121111212212

01220222122100120012110102211112

0
210011200101020122012020020010110021022110200010211211222021102221020211110022120011222110011112012201101100222102201002210221200002020000000111000202002220212010111220220022

0

212111220012220100221110120022012011200021002201022212210111200111121011

2012121
1111100211020012121002002022202102201
0012202211012201001222000012022200221112210002222012010122010
11020200000202110221220102
221110002001221021121201001220120212100220101
012202221212120011010112112001201011011010210020010212
1012220002220012201100020021122122101220210021202212201010101002010000
12122211220200120100000102010200210122220212010100122000211120211111000120220101102111120
22011102
0
12102201

2212211112001122020210210012101012110
0
1202021102010122201101102121211022222222010122212121122120101010212021022101210121


1202202111200102111122211020010021122022200212212011201200111001201212222212020120110021
1201221
2221102222120010111122002012222212010120121022202212012121112202200102000020
1010001
02102121

211012220000202
0200212012121220021010201101
122002012022021211200020020100001022222000100211200012101021210


000110200212011220010122112000022120020100012101212111100221002211020210211102010102020000000120110000020110020102121
00211212112221
2010111001001100022220200202021022112011210021002012101120200010020020012201001021200221112220212202111012110220121120001021211022220201201121221002220121210202012222122021
0




0221100210220010211
00
20002210110010111121211221220222002001110211112122012
22111222011010100010100220012012221012011
020212202020211011222122111010002100002012
0

00
22002201011122021022011020201010122020022000202012212001110


21120101220202000100010102120020120210022221211011110021010112
220110112211102112

01212122121011012012110111022200202211012121101

2121010222020



0101022121001012201000121121011112121220020000010
01021002202220101121001202000212120222020001001012011122002102010120211200211120202120202022202201212122000110101022202100110020011

0



0102222012112022010020120202
2020121121102221212100010
0
0
2000112122010020110100102001
010101
10210122

112122102121210222001010
1000112221212002011200102202011001222102000120100021110100112102
1012220010102002010121110201101022
001001001011202222021011002222021021200200201001
211022100211221
0

111212021200112002110
210112011021
2022121221011112010121202220201210022012022110210121101202100122211002110111212211112202202002000020121110021

10120011010122
202221202110

2100002020021122
021002211
212002011
20201222002122002122000010221211121122200011
1222210012220011212102211012022010102021002002112110001100012002110221002221000111012100120011022002112111122101022211122121220
0010200102111222211122012

220120211010220012212
220210101
11111020112121
11212021010020111011112011001220000120201211012202202002121001120102002012121220200102121211000102221022202000011001221111012121
0
0
1021202002011220110


22121000110002000022020011202120101202222220001201002111102122122220201
0010201101010121102111110021102012100011212202110201010120200211021222120202121200221220002202211021021

21122020020112022120222001

121121110121010210011002020

2101022122200
122222110002102202011002001120201
0
0212220222012021021201221200002021221112101000111022112222120221222111111111221110202220222102220110012022002121211112012021221001202220202221100220212200002110010001100212010012112012220020100222012111002211212222121000002112002022202021222000

222111100012112002021001000020112010
21012112222210212
0
021022121111022
000


2201022121010002020202102202022221001221201010000121002
0222110110012212
200101220020112010020020201121201212120210000020201000000022112012022221110002010201221002222001112001002001001000202021222022120022
11221020201220100112200000212021102121111212011101122001012022201220202202
20110210011222221121021002001022011111100012121122110112102101000

12120022200021
0211221111220010010101100020010012210221112221110112220200210212021220210101101020101002201122110212120200220210220002022001122100200211022120
111201212000011102210200
1210100212002010221202200

0222
220212221111011111011
21000001011120201
122222221020121210222220010222021000122001021222220221210112120000111020
0012012222120202110200101102122
2012100221222012022212001222
222
1100110021010101122
100021002120
011220101210021122212110220112200
0
0011022112111200212222211110022
2010002121122122002122120212012020121002201

00

10221200221102021102102222100012020200
011011120210211221012022212202120102211020100100212120211110201220011021102211100111010022021102112010020011100100210
02122021100102100221202

0
1211201210002110020020111022020102200021
1002211011001022220
22122111211112212100222211110211201021200111000122011200201012200100222211020001
011001121110201101202101002210101
102111212211022022111200002200121
22011100000100002010001202102220122221
22002222222022111121001

10210102002
00
202000120122120221200211000101000002000020210012102222011020022121110002201111102020220020202100102101022211120101011011010
0
10201110121210210001210001122221221201
212000000111221211122011202112111210200210101210010010200100011222222111112100212101101
200022211111000112111211121202212210000122202000000000102220112200111201022022021000021201012110
122210000221001202220112101011121210221021120101202

0
0212000021120012222220011112112122222000111000211222010202101110112212010102202110012020211022201000201122211
22002
2201112
11000200012210211012100022111010010102202002201012000022000011
02212201222201111002102002200221100010011202201222110011220211201020022021210020001100


2111110000102002220012020122002220111210021002021220220102120110101010200110222000100101000111011011210010012010000000102201200101110012210

12011021201202200121000100212221121
22200202120012220002011011210210111010012101101010020200011021122011212112022110012012111202012111002112100012002012110222
021101220210122212212002210101222011100111000221122010200110010212211002022120010101021121020110020102221101001202121211012202210
0
00022111110221202
12111002211
0
01101122012202020010

20010121110210120001220002010120212121222010110122120011221200020

10200220112110021000110110110111200101220021002012021110220101100100001002100120111120101222201200222021001102
202212111120102

222121012220101212

0
221220220010022011222120100
2012112001101
12211020111021011202201121122100022202112022011222201020021220111011010101101100022202102201111121221020122122121010220201000022202121201122210011102102210121101121021010210201201211200021201012212002012111220201202002210102011
10120122
112122
2110222211211
210101022

1221222001200
12002211101100
20012011121001120010202012220100221120012111121021021212121111000020012
20012002002122122021211201100200011220002010110010210101110020210222111212220021002100200020221100122021101222211221112121
110222120212122101011200200210222120122210110120100012202122022220012222202212

01120212
121122111220010022220022212110201020111110222221011120010102011102001021221202102221001010110212010102211010010120
211202120201002110111012022100010
221212222210122202022102120120110101010211001
02120111220200011112102102002211110221


2111112212222121102100020211121201112120
02220102012121020212210201121200002112101222001222201100202220211202112210000002211010000222
1200220011
10110121211120112000101211112221221102002021110012121210001000112211211212012210122222200211
01210210200001210000202112220001201110221120212021111121120222201121011112220112
1220002211000112201101211212212220120011210122100020202222000111122102012102010221
0
0
21022101
011111200112221012021210010101110111201200010112221
022111021202012201210122120002


02121102
201011122221212011112102011022121

012100101210102011001
21212011022122012212202011110200001012101002

20222100210021201222101021022221022112022100101222202000120222110010021
0222001002121212211010212122220021200120102101120100122000012201100000202202022202102020
00210101102220111012222020021011100022111

12102222202101102112022002210011201022122202020
20122122111222012
11022200221102202120021011210110202122
0121200000011111010202212
222
1222211011110112002

1101021200212202202200021110220112220022202000101011102110012
200020022201002220202201201



12000011210222200201212121212120220012211010002001
2202
11122002020021120111121120221022
011011112110201110212100210012
01002221000001120220110022100021010
000011010
21212011200211001210100222

2020020
2212121021002021021112020002120202211020200022202222210121102


002111201100122202100020021201120021010202200100222100002112210110000001210021110010120201
1001112122100211122110120010202120121012110002122010
022021011
12111020220210102001120112120100011101211021100021
1010211122201221222122022212111

0102112100121
0
211120220222012121220220002012011
21212200110202022121
00
1100001
000
222
20212212011020212112200100122
2121220000212
1121102201002222200212212110
2100012110022021122202020222221111112100000020111222100002120222202


221001012020220221102010

2022
0120111220011100200001201202121201
2210220122021010101102110002202202010110110001120212000212
12111022201112000110102211000001112120111020210211102011122000210012212111000000020000121102002012

12222010121011201200221212201101
0

020222221221112001022020101100100000
212102022110101011021
2222121112021222112002221100101011200201102220012002201220111112200201001210001002102
22122100020210121221

2202012121202202
2120001120120102022120002
100100010

1101210012111111012
222211020121202020101111


20222020101121211112102
0
0
10020122222110111221201
111
102122212212200022210110221121022111201121002212222201002101202110001002012102212101221201020101110120212212200121120211022
02222221000101
10201211011101201
201101011102011010001220020110012002210020212012121021202101121110001011000220000102102202022012100011210211222000220122020021122210221
10000011
02202121122
0200212201001011121100022010220
0
211020022122
22020
10112100121221202000100002200120000021201102102022010020022222221002110020121220102101112
0

221110120101201220210111022212020
022022110210210010111100
1111200101202201120020010
0000012020021021112102
002212122010112001212100020100002220


12200122222012001000210001211021011011211122022011011010111021221001122111212221112012
210002220112111201110222

11022201120110012112
221202221210001110011122

2111111211121010001
202201020110001011200110120
22012121121201

222
112001200212212000022002002112010102
02111102201120202
21220212120212221112211012002002122201
0101211020220012012101020020202202021122202111121

210112101220101012000012220002210112211211121020


02111021020100011111102222111112120202022112221020011011020211201012020110022
0


1221120201221002220212221121120200001211011211201010102202202211211122201102


100210211121000



22201200202210121002022211
11022010120012020011021021020122102002210212012221
120022111221200210010111121211222112122221011100101010102201011100100020110220220020010012202101021201010201001001210102022222021
22202021202102201
222
01021222112200222121212221121012202010000
222120022120212


11012212212222011201001110011001102020002202200101220112101


0

1120012221201222001122220110
1222021101221220010221000211011002021200102111211212111121010020011020102201210011020120221110221010222221222120012220212111100200220211111110112022202021121210012122202102112022220210012
0012202111110110022111022021201200222222010201002122021220120

010001222002111100101002222011102000111001
00020222221220210201000101011022211122220221201200
02011021122002112
11112010020120
22112120110011211200222
2120210202222111112122010102212021
02022012122111001212110211202222202010102002102010022

01110

2220

2202000
010022001000212210112111
221121102002122201122010212220110221220121100210020001001
10020020011220001001112111112212222002202212020221122022211120101020101221000002020
2201122121211
2022200211111110002200212211001110202220110001120212210200102011121
2221120011111210111100012001010

0
10011
20110222001022221012020202021112112021212


021222022102020120
2221122201002100002120201211010011101121111
21221222200212
11022100102111222200120200020020200020121021101210201100112101021020112001112000111000120102112001101110010021001100120220100211121012121111
120101221200222002222012102212112211110002111121210120110011120101012200101
1221121022111100200122101112221010112020022120210110021111001200101222011111102220210021220012100222210012020102101001021021221100210102221
0

1200121200000112210002012022212101112110120112012100110
111212022211022012211111
22112021100110012222101002222
12020112
0

122100111021
00
1021021120122200211200211
0011222222120000112210111101210202
2202201202122110212022122112200202211211112010
21101201210012121102010220021222211021202210022000011101220222100202222000121011
212211
1202002120200000101122020102
12101120111100012000
10001001111

1112120011022011100111201010201

100001110111210221111
0

21010021011111120202010211

10220220011101100221020102211011221111211101000002220210021000121
2110202111220021
101222100
1100100
21021122110102102012221222222212002020010211020202201100
0
1101212200220020102201121112110002102021221200101201221202000122112202120001
0101211110000012111102222121200002210202010
0
0
12000000012022022202100020
2112111112221102

1100210002002211100020202002200121001020221112211011111011
00101110100002020111020000122110110112110021120200110102021220211200201021122100210112222111020202221121020011202200222211111110022210200210220112022
000201221221020100010210110122

2022
0120102201210111101200220022022120220101000110002121122112112020221112

0222
0211212
22220120111122122
212200221021
22021200101101200002011012121011020020210100111020021210001201211100020000220021022121102021212
1022202001110112220201112
0002221020001122
02022



20101221

0
11122120012221
2120221020220120211110111020210221220010111122002202000220202112011002120011211211002120200111220002122122220111001112212011111012121220010201122021222011012121012012000121201110121211012100112112
12101022010000001111010101202110220010121100121110
12211102110


112010220
20022111

2210012211010222222022002201222012211112200111121002010022000121201121021010211001201012100112211021112212110010010122022200202202211
20221121111121011111220101111212111011
12200120200210102201220202202212
0
11111000210011212


0010011
202101122000122000200022201010021202111022120002012
202100110021212122022110212021211021210010112201222120110
111
1200222000012222101122021211200211212222222221211112112
02110222110020101102121002020012210110122110010220211100101211202011202220201



202002
02010212100
20012122022122002
0
01110120002212020021
020202
00111101221101112001202010112100
010202202001021200
001201111211100021
1022012211200022021012
222002111110212
02102121111
12002121020011222001200121011202121020200110020010

0020212100212122121002111
1000121212000020012200212222101202222100022210100211012010

21121122012001100021120011100000222012022011011001002010211200202000
00200022

112111210002102210102111
12100022000011110112110100222110001102101110121



0221002000022111100001020

02022012122022000111021

10011200101022021000210121211002022021011202002020222200020010002122201220021
20122121200121111201111111001000100022020201020
0112010022
1212220022022121212112121020100222122120221011010111110022

2100202212001110210
0
122222221220120211121100110222110101000112201210
221112010101110202022122000
10000100100
0
01110010202101001112

101220210
0021222012202111212012112210020010122
22122120102
0
2021011112221111000000101112011
221021122112012111001002110110110200110
2100000111212120201202221111210101022120121001212102022110101202
2121010011020100
22111220221001021212012210221121012200221022100100111212121100221221122201
0
2210222212211121122210220200200220011001101011
220002
22212101202
0
10022102222001

020111112012020210212210011120
1101
221211
00222
20211022220010010002211211222001020110020210


10122112012002011001022211222220202001210211211022220212020021012010122220001110111122002012202020022102221122012020101100222002200101020202120200222
2102012121011011002221001222100000012122100102112022102001202120112022102210101122112221110220122011101002212102
111

10201011101022102121010220001100200021221011122212120122020100111200100120211111002012110122201021120101212212001210021100100021

20200200111121210012211201210222020010011122
022211002221001021000120110020101002111002010212122122110200101222
0
2122101
02110012000110121002221221222002
222101021121012
200000020010201221010110010000120101220221021000212100122

2011112021201002110021122011101111112012020212200122100000100012011120201022221100122200201
1010211222220201112112112021001120120201111002202212112212011200112100101220120221112112112011100221111111220
1201112120202100002021112110202020100210210100120102001
111
012021010202021120010011202110200012020122221022211
0100110
2221120010221212010022211201
02111211110022220211122201120100222022200100211102222002221002120010110222222112101212122200122010001222011212201110000002221212012012010201101121210

111

2000020222110221210100202110110010211222001202001222001100002121222

02111000100001012012000022001011010200000100
202012122101221221020222102122201200


0

12100120002
12200111120011000022220202212211201120011100222200
20212211102010101110220101102121210120000122221111
212120001112110101011011201021002110112212021010211100112021011220010112101201121212
2011010011202202222202011010200201
1101221020121000111202
010102112201010011200022002111122

0
2100112002210012121120111001022
101222100012102220201000011200111011001211210020011222110012120102211111122
020021201220220101100020010222010100210110121022210212
1110
01021100122212011000200000212020210200011121210121012021000011100221202111200222012011022100022000120

01010212101120

1200121100020210110010212
200220021122210001202101222
222



10021002102
2221121022
0
221212010102212102002001221212211212000022110012121110121121202212212221022012
202112220020202121202210122002012102000110100001202102012111111220000101011002020220

121201100012122100000101212222211220012010212122212001212202120001011210102001202110221120022212200000112220001120011121


021021021110210202122211212021200120011011001010100212101012010002

21221212210112001120110210011211111201001011012010
201120212121210100200001122

2112202021010201111010
1101200201200022222100002002220111021201021112111021112221102
1122012120022222011
2002012002201101202220221002101002020101002221002100010102002211
100111000221011112112001002100221011201102010120112220112022110010110022202102111
0
21210101012211120101110220021200201122111210202210000002221221101

10002020001110201210220
012222000210122021111201202211121102222000120012100110002101201011201222211020220101221102022210022001002121012210022022
2220122022012011121
0


0
10220212200211212001102110
12101000211222210212122111101210011200221112010122221020121
2000002002222
01011
1210012011120
